0	0	0
2.843	1.886	-1.639
4.57	5.099	-0.585
5.745	7.666	-3.106
9.384	8.798	-3.111
8.203	12.145	-1.735
6.573	10.369	1.211
9.719	8.3	1.847
11.788	11.504	1.837
9.587	13.018	4.556
10.103	9.825	6.569
13.859	9.805	6.103
14.181	13.52	6.798
12.741	13.239	10.275
14.636	9.985	10.91
17.83	11.901	10.211
17.021	14.022	13.258
16.28	10.962	15.385
19.761	9.757	14.458
21.376	12.797	16.068
20.715	10.928	19.35
19.082	7.563	18.815
19.551	6.592	22.465
17.566	9.569	23.788
14.752	9.079	21.26
14.575	5.35	22.077
14.197	6.066	25.794
11.383	8.54	25.171
9.582	6.14	22.856
9.78	3.04	25.049
8.808	5.012	28.147
5.868	6.566	26.285
4.777	3.091	25.228
4.963	1.639	28.749
3.175	4.611	30.29
0.363	4.783	27.736
-0.131	1.029	27.547
1.337	-0.564	30.699
0.367	-4.081	29.611
3.127	-3.866	26.991
5.832	-3.692	29.669
4.723	-7.129	30.873
6.117	-8.604	27.649
9.656	-7.692	28.709
11.046	-10.122	31.287
14.18	-8.007	31.552
12.371	-4.753	32.214
8.989	-5.518	33.772
10.242	-4.827	37.281
10.653	-1.11	36.5
7.954	0.716	38.476
8.362	4.382	37.529
9.482	6.632	34.693
12.477	7.607	36.807
13.5	3.953	37.056
13.011	3.545	33.332
15.113	6.607	32.539
17.938	5.409	34.761
18.039	1.931	33.252
21.138	1.566	31.091
19.908	-1.715	29.625
16.57	-0.188	28.594
18.453	2.621	26.904
20.608	0.135	25.036
17.503	-1.79	24.012
15.883	1.384	22.679
18.955	1.871	20.484
18.588	-1.687	19.207
14.892	-1.228	18.435
15.188	2.134	16.647
18.271	1.073	14.676
16.412	-1.978	13.339
13.419	0.209	12.467
15.649	2.77	10.76
17.228	0.033	8.611
13.725	-1.026	7.584
12.654	2.542	6.763
15.791	3.158	4.695
14.798	0.178	2.514
11.766	2.218	1.407
9.431	-0.773	1.245
12.007	-3.325	0.115
12.369	-4.708	3.618
11.647	-8.386	3.093
15.002	-9.572	4.424
14.902	-7.298	7.457
11.398	-8.405	8.382
12.138	-12.132	8.378
14.215	-12.362	11.602
12.149	-9.676	13.303
8.829	-11.341	12.557
10.12	-14.738	13.61
11.393	-13.598	16.987
8.401	-11.357	17.676
5.854	-13.969	16.682
7.459	-17.04	18.247
9.684	-15.946	21.104
8.419	-12.581	22.363
4.813	-13.074	21.26
3.953	-9.489	20.334
0.417	-8.879	19.055
-0.084	-6.563	16.077
-2.133	-4.371	18.411
1.026	-3.822	20.463
2.93	-2.909	17.288
0.158	-0.383	16.746
0.835	0.954	20.264
4.554	1.449	19.624
3.791	3.085	16.273
1.584	5.506	18.201
4.429	6.16	20.633
6.922	6.784	17.831
4.619	9.327	16.236
3.941	11.012	19.583
7.621	11.491	20.352
8.514	12.741	16.87
5.553	15.136	16.931
6.785	16.694	20.161
10.558	16.635	19.556
10.497	17.571	15.855
7.803	20.128	14.876
10.267	21.443	12.251
10.271	18.144	10.361
7.091	16.478	11.584
4.231	18.652	10.392
0.97	17.153	9.087
2.27	15.85	5.756
5.429	14.397	7.322
3.407	12.709	10.078
1.052	11.265	7.445
4.053	9.834	5.555
5.509	8.266	8.713
2.115	6.788	9.597
1.947	5.341	6.084
5.421	3.801	6.436
4.548	2.298	9.826
1.223	0.967	8.517
3.15	-0.746	5.689
5.582	-2.179	8.211
2.698	-3.57	10.326
0.856	-4.92	7.278
3.909	-6.799	6.031
4.809	-7.99	9.537
1.272	-9.288	10.07
1.395	-11.244	6.811
4.664	-12.818	7.938
3.192	-13.613	11.376
0.49	-15.506	9.52
3.032	-17.455	7.457
4.882	-18.33	10.678
1.727	-19.626	12.375
0.938	-16.702	14.702
-0.882	-13.832	12.999
-1.541	-12.429	16.455


0	0	0
3.35525	2.83901	-1.32637
5.26703	6.62178	-2.08045
8.983	8.67329	-3.11044
7.89919	11.814	-1.18585
8.09254	9.36971	1.5182
11.332	10.7979	1.83921
9.62634	12.7747	4.7094
11.5033	9.81758	6.39529
14.0746	12.2919	6.56824
12.79	13.2486	10.1568
15.4748	10.4882	10.7265
17.3776	13.0871	11.9149
16.3869	11.4033	15.0783
20.0071	10.2203	14.7034
21.0792	11.9579	17.5416
19.4975	8.41909	18.9511
19.4673	6.71766	22.5208
16.6126	9.40302	22.9315
14.6396	6.70963	21.7791
14.2227	6.01734	25.5413
10.9713	7.99139	24.6418
9.68601	4.51191	24.0078
8.98123	4.66062	27.5949
5.73884	6.15459	26.1599
4.85421	2.48845	26.6892
3.69068	3.75391	29.8456
0.358967	4.75225	27.7345
0.316464	0.543486	28.5077
0.75366	-2.67909	30.0447
2.8455	-3.8879	27.2583
5.61621	-4.36081	29.9033
5.40775	-7.85349	29.2894
8.90504	-7.88549	28.4841
11.3105	-9.94346	31.3094
13.4908	-6.76719	31.8042
10.0794	-5.27133	33.2697
10.2097	-4.8448	37.1905
9.92213	-0.615487	37.0351
8.18552	2.79612	37.9387
9.3297	6.32603	35.0787
12.6413	7.0202	36.847
13.2764	3.7665	35.3534
14.5955	5.85317	32.7342
17.9431	5.23374	34.685
19.1144	1.80438	32.5021
20.3464	-0.545619	30.1475
16.7696	-0.279282	28.6557
18.9633	2.03235	26.4617
18.9518	-0.891762	24.4898
16.1584	0.844453	22.9056
18.9086	1.42059	20.3223
17.0239	-1.49272	18.8803
15.1051	1.192	17.148
18.2405	1.023	14.6541
15.4752	-1.29344	13.0661
14.7784	1.77022	11.4264
17.0799	0.289763	8.81259
13.5078	-0.302377	7.41751
14.2206	2.84966	5.73025
15.0006	0.785953	2.95893
11.5498	1.94107	1.39201
10.4336	-1.76621	0.805215
12.2553	-4.27343	2.51737
11.6597	-8.32123	3.10225
14.9741	-8.93752	5.27022
12.8851	-7.93516	7.98944
12.0434	-11.6557	8.37852
13.8663	-11.9086	11.8891
10.6039	-10.4509	12.9558
9.81276	-13.9295	13.3594
11.2177	-13.4666	17.0274
7.49632	-12.2847	17.3229
6.90016	-15.9706	17.7021
9.56921	-16.0024	20.9566
7.53555	-12.7018	22.0928
4.34724	-11.1323	20.7585
0.989142	-8.97767	19.262
-0.360188	-6.26749	16.3916
-0.77019	-4.13413	19.2962
2.41213	-3.1573	18.1516
0.174672	-0.350077	16.8326
2.02956	1.11303	20.0584
4.08264	2.45975	17.5538
1.77294	5.2988	18.036
4.95504	6.2917	20.0418
5.75301	8.07486	17.0214
4.07377	10.6821	18.9277
7.71103	11.617	20.001
7.33732	13.6928	16.8943
6.40803	16.2173	19.1726
10.5226	16.6356	19.5617
9.7233	18.3054	15.5738
9.2415	20.8957	13.3435
10.2705	18.5386	10.5871
6.5848	16.8628	11.373
2.68661	17.9421	9.77396
1.97128	16.1495	6.52147
5.29395	14.2843	7.50611
2.55121	12.1843	9.12118
3.03268	10.3206	6.19761
5.44583	8.33408	8.57595
2.07248	6.42165	8.70752
3.85702	4.49434	6.27754
4.68211	2.52889	9.30531
1.49858	0.722074	8.11261
4.21912	-1.37591	6.79768
3.45882	-3.20302	9.76807
0.956156	-4.9816	7.23711
4.20548	-7.19128	7.18589
2.59486	-8.80252	9.87067
1.3855	-11.0926	7.06326
4.34136	-12.9922	8.69162
1.79833	-14.5894	10.4187
2.55514	-17.0893	7.84403
4.53812	-18.4712	10.863
1.407	-18.44	13.3188
-0.339986	-14.6867	13.5062
-1.54019	-12.4307	16.4509


0	0	0
3.92248	3.96137	-1.55011
7.47209	7.83916	-2.69165
8.0183	11.4688	-1.39737
8.69768	9.6365	1.57816
10.5073	11.7537	3.22695
11.0907	10.4676	6.02473
13.9758	12.3654	6.8442
13.793	12.2173	10.3696
16.7503	12.2302	11.5231
16.4196	11.4589	14.9739
20.2899	10.6785	15.4518
20.1928	9.97474	18.3315
19.4716	6.96081	22.0107
16.3092	8.98879	22.7543
14.4518	6.39777	23.474
11.7933	7.49237	24.8692
9.65507	4.51845	24.1652
7.87688	5.16948	27.1062
5.17507	3.81817	26.4972
3.76748	3.6704	29.6373
0.349168	3.7813	27.9129
0.547047	-1.15609	29.3183
2.47755	-3.67526	27.7484
5.59103	-4.78271	29.8291
6.86788	-7.86684	28.9532
10.623	-9.35528	30.5019
13.4536	-6.75088	31.8202
10.1195	-5.14012	34.4757
10.0359	-2.28901	37.0966
8.35745	2.45838	37.8492
9.98441	6.46328	35.4283
12.9553	5.41158	36.1086
14.32	5.41727	33.2814
18.046	4.93266	34.4933
19.5881	0.900816	31.5968
17.9099	-0.364178	29.1313
18.9148	1.98127	26.5102
18.1848	-0.414985	24.0548
17.7296	1.17361	21.4298
17.2727	-1.10815	19.0706
15.6215	1.16418	16.7373
16.9646	-0.0457933	13.9214
14.947	1.02913	11.8231
16.8842	0.257326	8.73613
13.7584	0.805578	6.82444
14.7262	1.51198	3.93388
11.7399	1.87743	1.47834
10.8737	-2.37194	1.21887
11.9347	-6.45235	2.83221
14.4272	-8.83582	4.9125
12.7743	-8.42513	8.04068
12.8244	-11.764	9.88247
11.5007	-10.8516	12.6626
9.84339	-13.9194	13.4394
10.0324	-13.0902	17.1215
7.12957	-14.5523	17.5562
9.33407	-15.9996	20.6699
6.87047	-12.3744	21.8144
2.6504	-10.0436	20.0023
-0.093014	-6.80409	16.96
-0.456089	-4.0377	19.1833
1.52745	-2.04731	17.6301
1.45845	0.662549	19.0652
4.05965	2.44468	17.5818
2.68143	5.58228	18.6086
5.41963	7.32987	18.2833
4.27713	10.3664	18.6968
7.64541	11.9816	19.4555
6.89842	14.8851	17.9703
9.5721	16.539	19.4718
9.69165	18.4756	15.4273
9.61443	20.0415	12.3446
7.84127	17.4341	11.1051
2.85891	17.8944	9.84464
2.81026	15.6785	6.77009
3.78764	13.131	8.3931
2.95849	10.6078	6.64813
4.96479	8.06138	8.59471
2.85644	5.575	7.64003
4.46429	3.04778	8.50597
1.58755	0.653482	8.06961
3.96869	-1.97775	7.77613
1.89191	-4.31658	8.18343
3.95464	-7.02068	7.18984
2.32941	-9.30517	9.25444
2.91132	-12.0732	7.90382
2.27413	-14.2905	10.0955
2.77248	-17.2408	8.1749
3.26595	-18.4585	11.8608
0.178875	-15.8014	13.4505
-1.53983	-12.4313	16.45


0	0	0
4.98736	5.1247	-1.89257
7.79982	10.017	-1.91508
8.62974	9.81973	1.28061
10.624	11.4965	3.7865
12.5333	11.4165	6.43446
13.8296	12.2469	9.66453
16.7172	12.1531	11.8681
17.9677	11.1467	15.1651
20.2219	10.1859	17.4676
19.4716	6.96081	22.0107
15.752	8.21148	22.9702
12.8567	7.05453	24.3111
9.86889	4.81584	24.2356
7.33652	4.89922	26.9844
4.47127	3.74429	28.0672
1.03283	3.75912	28.2577
0.740097	-1.40801	29.1613
3.72294	-4.11824	28.5807
6.48482	-6.9416	29.216
10.623	-9.35528	30.5019
12.4534	-6.26765	32.6169
10.0693	-3.42945	36.0482
8.5253	1.98364	37.774
10.5786	6.25294	35.5643
13.6376	5.41443	34.695
17.3008	5.02958	34.2509
19.4203	0.774317	31.3502
18.3119	0.574003	28.0828
18.4038	0.303892	24.7914
17.7296	1.17361	21.4298
16.7773	-0.426451	18.3706
16.4274	0.438195	15.0477
15.1487	0.92164	12.0329
16.259	0.366977	8.35379
14.2423	1.15878	5.37916
12.3372	1.80434	1.96945
10.9798	-2.77998	1.3802
12.9317	-7.40574	3.66433
13.2702	-8.54834	7.10223
12.8244	-11.764	9.88247
11.0035	-11.7719	12.8956
9.95682	-13.4219	15.6487
7.41985	-14.4061	17.5127
8.84135	-15.2746	20.8988
4.76044	-11.209	20.9084
0.455669	-7.45198	17.5684
-0.257735	-3.83866	19.0279
1.49985	-0.963368	18.2041
3.27929	1.91004	18.0268
2.68143	5.58228	18.6086
5.07688	8.24082	18.4074
6.2981	11.3355	19.152
6.97312	14.5948	18.1188
9.59601	16.9263	18.6629
9.65304	19.2586	13.8859
8.1959	17.9556	11.353
2.85405	17.6728	9.53718
3.20121	14.6595	7.4193
3.20724	11.3647	7.17162
4.96479	8.06138	8.59471
3.33879	4.81683	7.89981
2.73825	1.6112	8.24415
3.73057	-1.71463	7.80547
2.30445	-4.8574	7.98472
3.14202	-8.16293	8.22214
2.79494	-11.5196	8.17394
2.32397	-14.5856	9.90348
2.96987	-17.7279	9.64926
1.105	-16.5985	12.9736
-1.53983	-12.4313	16.45


0	0	0
5.82068	6.57426	-1.89924
8.29173	9.9006	-0.021956
10.4021	11.3102	3.50734
12.7731	11.5704	7.03138
15.2188	12.2023	10.7245
17.6893	11.3714	14.4305
20.1671	9.94963	17.8011
18.0971	7.42353	22.3653
13.8245	7.44165	23.863
9.9827	4.90139	24.2385
6.59698	4.60149	27.264
2.56527	3.75298	28.1729
0.784102	-0.635566	29.0263
4.12866	-4.53224	28.6739
8.31833	-8.01039	29.7856
11.9763	-7.07243	32.0653
10.015	-3.23736	36.1093
9.20644	3.39981	37.0413
12.4993	5.72699	35.0186
17.0226	5.0593	34.2847
19.1765	0.730679	30.6307
18.3596	0.434989	26.3831
17.8562	1.0111	22.0598
16.7395	-0.331907	18.0091
15.9098	0.634461	13.8267
15.9275	0.533181	9.4531
14.2478	1.15719	5.38689
11.9389	0.458856	1.79645
12.1313	-5.50778	2.72738
13.2319	-8.41761	6.7103
12.4929	-11.765	10.4315
10.5031	-12.5608	14.2127
7.99196	-14.1838	17.0926
8.55269	-14.9862	20.8995
3.18086	-9.82968	19.6826
-0.0171899	-5.05516	18.5364
1.42876	-1.07963	18.2376
3.12675	2.84914	18.1755
4.00351	7.04973	18.4976
6.11275	10.8656	19.0388
7.35161	14.9314	18.1973
9.6214	17.9539	16.5591
8.57999	18.2993	12.0202
2.86571	17.5745	9.46772
3.20346	13.576	7.33781
4.30633	9.29995	8.06134
3.46687	5.07233	7.95443
2.95445	0.887973	8.14869
2.9981	-3.32891	7.89757
2.98315	-7.5344	8.17703
2.74519	-11.8447	8.35762
2.58415	-15.8496	9.80118
1.66734	-16.9384	11.9716
-1.5258	-12.4525	16.4319


0	0	0
6.5267	7.52464	-1.36287
9.49764	10.7061	1.99471
12.4343	11.5333	6.52782
15.5716	12.0837	11.2537
18.7511	10.7622	15.8748
18.6887	8.14554	21.0609
13.825	7.4417	23.8628
9.01577	4.81578	25.1026
4.2937	4.11678	27.7832
1.03884	-0.00795578	28.9043
4.72656	-5.02852	28.8326
9.88543	-7.60852	30.7623
10.5757	-4.33376	34.9532
9.20664	3.39853	37.0411
13.7908	5.53641	34.8091
18.2529	2.58684	32.1976
18.4765	0.47735	26.991
17.697	0.819633	21.4822
16.3842	0.0820364	16.2178
15.9225	0.562195	10.704
14.2483	1.15705	5.38814
11.9939	-1.24397	2.06216
12.7599	-7.16954	5.00205
12.5987	-11.2856	9.89862
10.1453	-12.792	14.6231
8.2321	-14.5273	18.7227
4.71778	-11.3049	20.0308
-0.0158754	-5.05702	18.5369
1.91323	0.0412919	18.2199
3.62741	5.24773	18.3594
5.81053	10.3188	18.9613
7.67486	15.3619	17.964
9.17561	18.1018	14.616
4.50117	17.7819	10.1983
3.20333	13.578	7.3389
4.06695	8.09428	8.03087
3.17436	2.68353	8.06536
2.99188	-2.72416	7.9336
2.94933	-8.14771	8.20275
2.6763	-13.5587	8.97549
1.92986	-16.6266	11.3503
-1.52385	-12.4552	16.4292


0	0	0
7.45512	8.51884	-0.313627
11.3331	11.2231	4.82791
15.3755	12.0493	10.9583
18.7355	10.1081	17.1713
15.9529	7.74963	22.637
9.61693	5.14402	24.9476
3.68342	3.3434	27.9934
2.8827	-2.51824	28.8685
8.91814	-7.12477	30.4004
10.4046	-3.36722	35.2142
11.2122	4.33386	36.0646
17.1374	3.32423	32.8504
18.4278	0.498742	26.6467
17.2047	0.543034	19.508
16.0668	0.412145	12.4271
14.2483	1.15705	5.38814
12.2333	-3.09571	2.98088
12.6592	-9.74206	8.06241
10.2986	-12.6979	14.3278
7.35352	-13.7217	19.0497
2.0551	-7.79048	19.1904
1.67209	-0.595997	18.2595
4.03675	6.19855	18.4723
6.7427	12.8403	18.4627
8.89422	17.5881	15.2438
4.33894	17.2565	9.84083
3.58117	11.1789	7.64164
3.39751	4.03622	8.05674
2.98922	-3.06313	7.95043
2.84694	-10.1768	8.49253
2.16312	-15.6679	10.6082
-1.52385	-12.4552	16.4292


0	0	0
8.54094	9.27603	1.126
13.5968	11.6858	8.26095
18.1979	10.4187	16.1773
15.1926	7.43695	22.9143
7.24352	4.42377	26.166
3.13893	-0.642516	28.5885
8.67673	-6.94051	30.3392
10.5984	-1.51896	35.4183
14.2933	3.80885	34.3932
18.1697	1.06384	27.8874
17.1137	0.532563	18.9415
15.4121	0.680311	9.89304
12.9587	-1.56472	3.84749
12.6251	-9.21035	7.65588
9.70958	-12.9026	15.2722
4.81028	-10.8747	19.1173
1.76401	-2.32267	18.4829
4.14499	6.46423	18.4719
7.43118	14.3596	17.4326
6.16105	17.3891	12.002
3.6721	11.9082	7.90554
3.33218	2.90032	8.03973
2.92662	-6.19317	8.18895
2.35459	-14.1304	10.0158
-1.52385	-12.4552	16.4292


0	0	0
10.1375	10.037	3.37914
16.5024	10.8859	13.2599
15.352	7.5949	22.5585
6.16529	3.09257	26.8032
6.343	-4.28569	29.6019
10.3956	-2.09235	34.8815
15.1074	3.23289	33.0283
17.6151	0.784817	23.1861
15.6826	0.657079	11.3297
12.9068	-2.76487	4.44605
11.2474	-10.9555	11.2567
5.84742	-11.3036	18.3043
2.01232	-1.40774	18.4824
5.52498	9.77893	18.0363
6.49745	16.588	13.439
3.65515	11.4472	7.91305
3.18383	-0.435866	8.09512
2.5366	-11.6109	9.43658
-1.5168	-12.4578	16.419


0	0	0
11.8348	10.2634	6.01403
15.8894	9.13121	18.2186
8.00489	3.99399	25.9541
6.61251	-4.14	29.9531
11.965	-0.318986	34.2651
16.6115	1.76508	27.1276
15.9416	0.674227	12.9167
12.6868	-3.85252	5.35117
9.09106	-11.0945	14.0722
3.29367	-4.71291	18.4236
5.28865	9.025	18.067
5.93169	15.564	12.3389
3.43603	5.91213	7.99852
2.71023	-8.62042	9.07826
-1.51233	-12.4569	16.4127


0	0	0
12.8485	9.98033	9.06517
11.9472	6.5626	22.0863
6.96061	-2.1065	28.9534
11.965	-0.318986	34.2651
16.444	1.49237	23.5749
14.3142	-1.58915	9.13395
9.99	-9.28398	11.8919
3.29367	-4.71291	18.4236
5.44941	10.6598	16.635
4.68386	10.7381	10.1687
2.89168	-4.98728	8.80833
-1.51233	-12.4569	16.4127


0	0	0
12.548	8.84109	13.4056
8.6231	0.783664	26.6643
11.9645	-0.319279	34.265
15.7343	0.465493	18.7636
11.4321	-6.71787	10.9726
3.29498	-4.71394	18.4227
5.19438	10.6857	14.4815
3.48952	0.258585	9.26259
-1.51104	-12.4548	16.4108


0	0	0
11.4266	6.53897	17.1938
10.5323	0.153327	31.0075
15.1956	0.353234	20.9789
10.2701	-6.43182	12.0366
4.10882	1.88471	16.7341
3.97671	3.23855	10.7543
-1.51059	-12.4536	16.4103


0	0	0
11.0689	3.98471	22.7193
14.2619	0.312574	22.988
9.03957	-4.77165	12.9761
4.02952	2.69583	13.15
-1.50794	-12.4464	16.4088


0	0	0
11.8672	3.06668	22.7865
11.6507	-2.22954	17.9821
5.28203	0.828961	13.1065
-1.50794	-12.4464	16.4088


0	0	0
11.795	1.30127	21.185
7.40535	-0.19092	14.7319
-1.50727	-12.4452	16.4084


0	0	0
9.60018	0.555176	17.9584
-1.50727	-12.4452	16.4084


