0	0	0
0	0	3.8
0	0	7.6
0	0	11.4
0	0	15.2
0	0	19
0	0	22.8
0	0	26.6
0	0	30.4
0	0	34.2
0	0	38


0	0	0
0	0	3.8
3.1864	-1.43733	5.29027
6.37281	-2.87467	6.78054
10.1031	-3.59635	6.71662
13.071	-1.50641	7.84072
15.826	-3.89919	8.90115
13.9956	-5.90586	11.5588
13.0853	-9.56345	12.0417
13.5165	-7.36024	15.1076
17.0268	-6.28183	14.1305


4.22054	-145.19	162.409
2.00696	-147.434	160.287
-0.581992	-144.823	161.247
0.950451	-144.25	164.677
0.544449	-140.502	165.153
2.14304	-137.651	167.091
0.312215	-135.606	169.719
-1.08511	-137.855	172.445
-4.49593	-136.2	172.186
-5.2421	-139.866	172.851
-4.72704	-138.699	169.271


4.22054	-145.19	162.409
2.00696	-147.434	160.287
1.8217	-148.237	163.997
5.30288	-149.478	163.113
7.55418	-147.812	165.681
11.3003	-147.309	165.288
14.4289	-149.127	166.449
12.9088	-146.955	169.172
9.59051	-148.51	170.178
12.2969	-150.313	172.143
13.3569	-151.946	168.879


-73.123	-311.879	204.576
-76.4894	-310.116	204.575
-76.0886	-313.008	207.007
-78.186	-310.013	208.041
-76.2971	-307.685	210.376
-72.6308	-307.01	211.112
-69.8778	-304.427	211.548
-72.0132	-302.638	214.133
-71.243	-299.156	212.82
-73.7423	-296.497	213.88
-76.701	-294.372	212.797


-73.123	-311.879	204.576
-76.4894	-310.116	204.575
-77.9139	-313.631	204.81
-80.5232	-312.849	207.459
-82.4213	-315.932	206.304
-84.5395	-315.557	209.436
-87.9966	-314.881	210.862
-91.286	-316.271	209.563
-94.3368	-314.261	210.608
-96.0305	-315.736	213.673
-93.3538	-318.43	213.788


56.7798	-395.079	60.8775
56.6263	-398.665	62.1254
53.9986	-401.357	61.5858
50.2025	-401.191	61.6286
50.0414	-401.699	65.3911
48.018	-404.892	65.0018
45.4392	-403.108	67.1488
44.4744	-399.621	68.3098
46.5143	-400.138	71.4739
49.5855	-400.898	73.5786
51.7648	-399.246	70.9401


56.7798	-395.079	60.8775
56.6263	-398.665	62.1254
58.5735	-397.278	65.0794
61.9945	-395.691	65.5462
62.8211	-398.075	68.388
60.2215	-400.632	67.3186
59.8039	-404.354	67.9569
59.5268	-407.374	70.2473
61.9249	-408.507	67.526
60.511	-406.791	64.4445
63.8647	-405.541	63.1683


0.08322	-364.315	-31.7777
-1.21926	-367.415	-33.5475
0.512685	-369.666	-31.0229
2.82007	-367.734	-28.7027
3.67281	-366.333	-25.2746
7.24634	-365.323	-26.0799
5.23589	-362.113	-25.7727
7.44387	-362.424	-22.6957
6.72036	-361.299	-19.1387
9.6572	-361.766	-16.7728
12.7188	-359.874	-15.5533


0.08322	-364.315	-31.7777
-1.21926	-367.415	-33.5475
-4.03428	-369.364	-35.1961
-1.23091	-371.289	-36.8911
0.417779	-374.501	-35.7042
3.5695	-375.308	-37.6677
5.28922	-374.748	-34.3256
8.64797	-374.661	-36.1008
12.2363	-375.207	-34.9759
13.9028	-375.963	-38.3063
12.2729	-375.046	-41.614


-93.6678	-267.456	-177.128
-94.3365	-270.999	-178.329
-94.033	-274.785	-178.232
-94.0724	-274.714	-182.031
-93.7172	-278.494	-182.184
-94.9951	-279.547	-178.763
-93.263	-279.479	-175.382
-93.2945	-282.717	-173.393
-92.8603	-282.608	-169.62
-93.9057	-280.035	-167.027
-94.8069	-279.75	-163.346


-93.6678	-267.456	-177.128
-94.3365	-270.999	-178.329
-95.9475	-273.803	-176.333
-95.2144	-276.984	-178.278
-92.2916	-276.01	-180.503
-90.9243	-273.612	-177.892
-90.0571	-270.664	-180.126
-91.3835	-268.836	-183.182
-93.9656	-271.617	-183.384
-93.7069	-274.795	-185.451
-96.4337	-274.129	-188.012


-104.19	-296.441	-193.294
-100.654	-295.549	-194.364
-100.511	-292.42	-196.515
-103.606	-290.638	-195.217
-101.897	-290.407	-191.831
-104.386	-287.536	-191.805
-106.373	-284.297	-191.796
-108.784	-284.483	-188.865
-111.906	-283.296	-190.678
-111.59	-280.827	-187.806
-109.164	-280.209	-190.664


-104.19	-296.441	-193.294
-100.654	-295.549	-194.364
-100.511	-292.42	-196.515
-103.45	-290.68	-198.181
-106.342	-293.137	-198.394
-103.543	-295.593	-199.151
-100.444	-297.776	-199.414
-101.413	-300.655	-201.697
-99.6848	-303.248	-199.523
-102.108	-305.809	-200.94
-102.139	-309.345	-199.547


-147.514	-260.656	-292.246
-147.755	-260.724	-288.454
-144.342	-261.171	-290.064
-145.377	-257.516	-289.939
-142.402	-256.452	-292.05
-142.036	-255.022	-295.552
-139.437	-252.434	-296.545
-137.8	-249.708	-298.625
-136.539	-247.132	-301.118
-136.577	-245.697	-304.637
-133.239	-244.809	-303.051


-147.514	-260.656	-292.246
-147.755	-260.724	-288.454
-144.338	-260.333	-286.839
-144.426	-258.842	-290.333
-143.232	-255.606	-288.738
-141.918	-253.103	-291.277
-141.831	-253.553	-295.049
-143.018	-256.884	-296.441
-145.074	-259.848	-297.636
-148.842	-259.527	-297.271
-147.166	-257.133	-294.843


-56.6256	-300.553	-326.789
-55.5609	-302.329	-329.976
-59.0312	-302.418	-331.521
-58.9535	-303.055	-335.267
-59.5807	-306.784	-335.638
-56.7625	-308.746	-337.266
-57.1245	-307.921	-340.958
-53.3394	-307.744	-340.672
-51.1163	-310.393	-342.247
-47.645	-311.64	-343.16
-46.6912	-310.991	-339.54


-56.6256	-300.553	-326.789
-55.5609	-302.329	-329.976
-57.997	-302.472	-332.889
-55.1878	-304.508	-334.438
-58.7613	-305.233	-335.508
-60.3691	-307.956	-333.4
-56.6379	-308.673	-333.343
-54.5315	-311.353	-331.663
-53.7601	-313.285	-334.843
-55.5919	-312.506	-338.08
-58.3201	-315.038	-337.314


83.8097	-281.326	-364.226
82.7032	-283.807	-366.883
80.0314	-283.323	-369.541
77.647	-286.146	-368.655
74.6853	-288.423	-367.961
72.2272	-286.306	-369.939
70.8834	-289.577	-371.33
68.658	-288.105	-368.624
65.5168	-286.276	-369.734
64.3013	-282.884	-368.526
61.0778	-280.878	-368.681


83.8097	-281.326	-364.226
82.7032	-283.807	-366.883
80.9422	-283.656	-370.247
78.0576	-285.786	-368.99
78.3456	-286.779	-372.646
82.1177	-287.143	-372.365
81.3437	-290.209	-374.473
79.853	-290.051	-377.964
81.737	-287.83	-380.405
79.6893	-285.108	-382.09
76.5449	-286.364	-380.365


21.9707	-359.574	-294.887
19.2493	-359.837	-297.526
22.8611	-360.235	-298.638
22.2131	-356.789	-300.102
20.0939	-358.757	-302.566
20.379	-361.829	-304.785
21.6551	-358.76	-306.627
22.5147	-361.975	-308.462
21.1598	-365.197	-309.952
18.5454	-362.792	-311.3
20.1471	-359.585	-312.562


21.9707	-359.574	-294.887
19.2493	-359.837	-297.526
19.476	-360.367	-301.282
16.721	-362.798	-300.312
19.5519	-365.203	-301.114
18.0937	-368.567	-302.112
21.643	-368.66	-303.466
19.9259	-372.016	-303.945
19.1087	-374.134	-306.992
15.6633	-372.572	-306.636
15.8461	-368.787	-306.924


134.434	-345.678	-236.512
135.825	-349.21	-236.693
136.414	-351.975	-239.232
137.653	-355.448	-240.152
133.911	-355.588	-240.797
131.457	-356.864	-243.403
131.351	-353.098	-243.905
128.26	-351.079	-244.802
125.829	-353.152	-242.744
123.307	-353.413	-245.574
119.946	-351.71	-246.067


134.434	-345.678	-236.512
135.825	-349.21	-236.693
136.172	-351.903	-239.351
137.669	-354.931	-241.092
133.99	-355.821	-240.756
131.041	-357.251	-242.679
130.668	-353.506	-242.157
131.406	-350.507	-244.372
134.368	-352.356	-245.872
137.156	-351.231	-243.547
140.64	-352.225	-242.4


260.539	-246.395	-217.6
261.455	-248.41	-220.688
258.206	-249.671	-219.175
255.803	-249.995	-222.101
254.823	-248.684	-225.531
255.034	-246.077	-222.774
258.291	-244.119	-222.824
257.475	-240.895	-220.985
261.022	-241.826	-219.988
264.628	-240.638	-220.148
265.101	-238.261	-217.221


260.539	-246.395	-217.6
261.455	-248.41	-220.688
258.041	-249.648	-219.57
255.88	-249.203	-222.664
255.182	-247.072	-225.732
254.533	-243.869	-223.793
254.389	-240.723	-225.919
257.836	-240.706	-227.518
255.361	-238.911	-229.775
256.532	-236.265	-232.238
256.968	-239.889	-233.293


238.698	-220.718	-330.179
242.053	-221.745	-328.72
244.041	-222.894	-325.692
245.11	-219.609	-327.276
241.596	-219.202	-325.888
238.811	-220.687	-323.772
238.854	-220.086	-320.02
237.695	-222.568	-317.386
237.355	-226.299	-318.023
236.007	-224.748	-321.219
239.323	-226.47	-321.909


238.698	-220.718	-330.179
242.053	-221.745	-328.72
240.088	-223.46	-325.957
243.302	-221.717	-324.922
246.83	-221.694	-326.332
250.56	-222.413	-326.445
251.42	-225.851	-327.815
254.583	-227.951	-327.989
256.664	-228.337	-324.833
255.203	-225.026	-323.675
253.662	-227.974	-321.838


184.308	-202.776	-304.803
184.601	-199.329	-303.231
187.463	-201.608	-302.201
190.238	-200.394	-299.907
192.47	-198.537	-297.455
195.347	-200.699	-298.673
198.78	-201.771	-299.9
202.202	-203.419	-300.017
203.441	-202.775	-303.551
202.536	-199.292	-302.33
205.452	-199.261	-299.894


184.308	-202.776	-304.803
184.601	-199.329	-303.231
187.597	-201.518	-302.409
189.873	-201.262	-305.442
187.303	-200.207	-308.035
185.388	-201.826	-310.89
182.077	-203.495	-311.722
179.556	-205.679	-313.543
178.892	-202.431	-315.4
175.989	-204.743	-316.215
173.9	-202.098	-314.461


184.764	-338.635	-277.319
187.636	-338.51	-274.834
188.335	-341.665	-276.833
192.116	-342.048	-276.809
191.778	-341.738	-273.037
194.17	-339.781	-270.825
196.909	-337.15	-270.702
194.674	-335.084	-268.428
195.797	-332.751	-265.647
199.216	-334.229	-264.897
199.882	-330.547	-264.232


184.764	-338.635	-277.319
187.636	-338.51	-274.834
188.369	-341.658	-276.832
192.128	-342.197	-276.968
194.292	-339.916	-274.835
198.081	-339.947	-275.123
200.234	-341.12	-278.026
200.503	-344.785	-277.059
202.712	-347.763	-276.228
203.937	-351.217	-277.233
200.779	-353.143	-278.103


64.7816	-344.376	-311.65
67.3757	-343.766	-314.359
67.4175	-346.262	-317.224
68.9003	-348.719	-319.715
72.68	-348.7	-320.106
73.9946	-345.613	-321.889
76.2217	-343.497	-319.652
78.3504	-343.551	-316.504
78.5432	-347.314	-317.003
76.003	-347.332	-314.177
78.2505	-350.392	-314.315


64.7816	-344.376	-311.65
67.3757	-343.766	-314.359
69.7835	-345.841	-316.442
73.1714	-344.27	-315.738
73.3135	-347.883	-316.905
71.8756	-347.769	-313.39
69.4918	-350.723	-313.221
67.1357	-352.86	-315.3
64.6103	-350.056	-314.854
61.6938	-352.006	-316.313
60.539	-348.877	-318.134


4.77012	-470.015	-346.809
6.19905	-467.835	-344.044
9.67323	-469.338	-343.711
11.8092	-466.669	-345.369
11.9488	-462.874	-345.522
9.25683	-461.937	-348.035
9.04076	-464.887	-350.42
6.43951	-462.122	-350.59
4.97693	-461.2	-347.206
5.66242	-458.43	-344.697
2.0598	-458.05	-343.55


4.77012	-470.015	-346.809
6.19905	-467.835	-344.044
2.72454	-467.705	-342.51
0.44163	-468.414	-345.464
-0.687595	-471.474	-347.415
2.31231	-472.063	-349.672
0.0243874	-474.527	-351.442
3.76422	-475.182	-351.6
5.92816	-472.17	-352.429
7.99943	-469.89	-350.204
11.2138	-468.536	-351.713


67.7581	-418.539	-359.631
65.6202	-416.757	-362.219
68.517	-416.518	-364.666
69.1222	-416.714	-368.413
69.9595	-413.779	-370.676
73.3707	-414.402	-369.122
76.6389	-412.871	-367.933
75.8405	-416.41	-366.803
74.8145	-418.923	-364.144
75.0158	-421.112	-361.045
78.7408	-420.758	-361.707


67.7581	-418.539	-359.631
65.6202	-416.757	-362.219
63.4596	-413.659	-361.806
59.985	-413.057	-360.39
57.5951	-412.392	-357.511
55.3788	-415.478	-357.562
56.7252	-417.825	-360.231
53.6295	-415.772	-361.033
49.9169	-416.437	-360.569
46.3727	-417.463	-361.477
47.7791	-417.328	-365.005


-29.5941	-345.332	-292.145
-28.7747	-347.144	-295.383
-29.9537	-350.467	-293.967
-32.9998	-350.994	-291.757
-32.4417	-354.513	-293.077
-31.6271	-356.231	-289.787
-31.8801	-360.002	-289.395
-32.9151	-362.762	-291.793
-29.4661	-363.018	-290.218
-27.7137	-365.849	-288.387
-25.0293	-363.162	-288.274


-29.5941	-345.332	-292.145
-28.7747	-347.144	-295.383
-28.5258	-350.901	-295.895
-27.4474	-351.003	-292.253
-27.4526	-354.422	-293.91
-24.0744	-356.035	-293.258
-20.6947	-354.973	-294.632
-16.9535	-354.332	-294.812
-18.9039	-353.539	-297.975
-20.4137	-350.3	-299.268
-21.3744	-352.413	-302.277


4.87319	-362.167	-230.889
7.15833	-359.555	-229.342
9.91788	-359.011	-226.787
7.74412	-359.711	-223.749
6.94007	-357.168	-221.043
4.5141	-356.377	-223.858
2.05971	-353.783	-225.157
1.36423	-351.053	-227.707
2.4054	-352.966	-230.821
3.1246	-354.24	-234.328
6.36728	-353.327	-232.57


4.87319	-362.167	-230.889
7.15833	-359.555	-229.342
7.57583	-359.771	-225.571
3.89764	-358.82	-225.653
2.59798	-355.253	-225.813
6.10001	-354.516	-227.091
9.83985	-353.896	-226.828
8.99335	-352.34	-223.467
8.13986	-355.534	-221.593
5.88218	-358.581	-221.354
2.21446	-359.299	-220.666


40.234	-395.168	-237.225
43.7762	-394.596	-235.974
46.3087	-394.563	-233.141
48.7876	-391.841	-234.082
50.9995	-391.373	-237.136
51.2731	-387.811	-238.432
47.8388	-387.074	-236.982
44.3576	-386.27	-235.688
41.8245	-384.982	-233.165
42.1342	-385.515	-229.416
44.2725	-384.475	-226.452


40.234	-395.168	-237.225
43.7762	-394.596	-235.974
46.3748	-397.357	-236.23
48.7233	-396.752	-233.304
48.1975	-400.285	-234.602
47.435	-403.287	-236.803
46.4913	-404.549	-240.261
43.6368	-405.187	-242.687
43.9074	-407.958	-240.1
41.6561	-409.43	-242.785
38.3598	-408.925	-244.606


-8.70798	-505.619	-290.103
-10.5028	-502.993	-292.182
-11.1679	-503.595	-295.874
-13.2356	-506.738	-295.34
-14.7656	-509.755	-293.609
-16.4503	-513.159	-293.477
-19.3104	-511.145	-294.961
-22.4371	-513.176	-295.695
-24.7587	-511.544	-298.222
-28.0843	-513.001	-299.344
-28.7205	-515.191	-302.383


-8.70798	-505.619	-290.103
-10.5028	-502.993	-292.182
-14.0539	-503.178	-293.521
-17.5852	-504.443	-294.13
-21.1449	-503.262	-293.519
-24.7503	-502.526	-294.468
-25.8394	-499.258	-296.072
-29.3153	-498.103	-295.059
-29.8358	-500.562	-297.909
-32.4389	-500.611	-300.677
-32.1094	-501.043	-304.438


-48.4543	-506.015	-349.443
-49.9092	-502.752	-348.147
-52.4069	-500.122	-347.013
-54.2128	-503.168	-345.633
-57.1754	-501.069	-344.512
-56.78	-500.888	-340.737
-53.694	-498.977	-339.613
-50.8946	-500.972	-337.994
-49.5488	-497.559	-338.984
-51.962	-494.766	-339.885
-49.9525	-494.855	-343.109


-48.4543	-506.015	-349.443
-49.9092	-502.752	-348.147
-52.4101	-500.132	-346.998
-54.2153	-503.187	-345.64
-57.173	-501.107	-344.473
-56.2362	-500.871	-340.798
-54.1948	-497.782	-339.941
-52.0611	-500.915	-340.21
-49.3176	-500.899	-337.581
-49.9489	-501.383	-333.865
-49.2143	-499.225	-330.825


72.0319	-517.241	-216.884
71.9357	-520.838	-215.663
70.2517	-522.414	-212.643
67.1527	-524.605	-212.825
68.6534	-528.095	-212.9
71.0184	-530.265	-210.866
71.7676	-526.973	-209.122
69.9394	-525.817	-205.998
70.8446	-527.947	-202.984
67.8229	-526.065	-201.655
70.2559	-524.785	-199.031


72.0319	-517.241	-216.884
71.9357	-520.838	-215.663
68.6573	-521.719	-213.955
65.6317	-519.437	-214.239
68.1164	-519.219	-217.106
69.6017	-519.622	-220.581
66.5146	-517.651	-221.593
64.078	-518.841	-224.255
63.5356	-521.502	-226.913
67.2352	-522.369	-226.942
69.8231	-520.418	-224.958


117.949	-392.928	-209.306
114.354	-391.698	-209.235
111.872	-391.331	-212.089
110.004	-389.429	-209.381
107.03	-391.587	-208.412
103.495	-392.38	-209.558
102.116	-392.679	-213.086
98.9689	-393.934	-214.807
98.8727	-396.085	-211.676
98.1319	-394.744	-208.199
95.8443	-391.982	-209.456


117.949	-392.928	-209.306
114.354	-391.698	-209.235
112.258	-393.638	-211.742
114.192	-396.618	-210.393
114.325	-396.393	-214.184
113.664	-398.53	-217.256
113.254	-400.005	-220.734
109.652	-399.92	-219.525
110.086	-397.683	-222.566
109.132	-394.054	-221.962
105.35	-393.803	-221.698


62.5285	-352.114	-247.041
62.9635	-354.477	-249.984
65.3456	-357.051	-251.448
66.1281	-357.318	-247.739
69.1918	-356.059	-249.601
72.0006	-354.625	-251.721
75.2677	-353.056	-252.863
78.2967	-352.225	-250.724
81.8697	-353.502	-250.933
84.4008	-350.683	-251.224
84.563	-349.428	-254.807


62.5285	-352.114	-247.041
62.9635	-354.477	-249.984
65.8319	-354.367	-247.494
66.8298	-351.639	-249.945
69.4851	-353.962	-248.532
67.8496	-357.387	-248.708
65.2678	-359.501	-250.526
61.6606	-359.654	-249.341
58.0422	-358.498	-249.238
56.4255	-360.077	-252.293
57.6221	-358.813	-255.671


-4.81271	-336.06	-264.288
-6.67743	-333.436	-266.307
-7.89016	-333.5	-269.908
-10.2312	-331.218	-271.845
-11.7875	-334.471	-270.647
-12.7912	-337.54	-268.643
-16.0577	-339.451	-268.986
-17.5957	-341.252	-266.015
-20.9622	-339.944	-264.833
-23.2911	-342.499	-266.411
-22.4724	-344.745	-263.457


-4.81271	-336.06	-264.288
-6.67743	-333.436	-266.307
-7.84048	-333.451	-269.925
-10.3443	-331.265	-271.767
-9.25558	-328.758	-269.127
-8.6424	-327.512	-265.589
-5.70183	-326.885	-263.266
-2.96802	-329.485	-262.811
0.446086	-327.817	-262.752
1.73558	-329.02	-259.386
-0.220649	-332.04	-260.609


137.727	-323.973	-239.696
141.113	-322.461	-238.864
143.626	-324.305	-236.69
143.558	-322.395	-233.405
144.1	-321.829	-229.687
147.873	-321.887	-229.237
147.737	-324.561	-226.54
145.592	-325.97	-223.738
147.569	-329.159	-223.137
151.362	-329.031	-222.934
154.943	-328.6	-224.129


137.727	-323.973	-239.696
141.113	-322.461	-238.864
138.118	-320.121	-238.832
135.306	-321.023	-241.224
134.289	-317.691	-242.743
136.812	-316.232	-245.181
138.794	-314.501	-242.439
139.506	-312.515	-245.599
135.916	-311.612	-246.459
134.022	-308.545	-245.256
133.518	-311.62	-243.082


123.676	-243.336	-153.38
126.99	-242.732	-151.623
127.69	-244.077	-155.107
130.449	-242.369	-157.084
132.584	-244.795	-155.084
135.664	-246.509	-156.502
138.202	-243.769	-155.795
141.166	-242.829	-153.612
142.978	-245.019	-151.09
146.133	-242.954	-150.613
148.667	-244.601	-152.917


123.676	-243.336	-153.38
126.99	-242.732	-151.623
127.697	-244.075	-155.106
131.046	-242.289	-154.916
132.198	-245.516	-156.559
131.279	-245.479	-160.246
134.749	-246.072	-161.677
136.975	-248.673	-163.327
140.29	-249.009	-161.5
137.831	-248.641	-158.626
137.054	-245.834	-156.186


85.4993	-83.9313	-145.344
84.7257	-87.6517	-145.344
82.5592	-87.3187	-148.448
79.6538	-85.6412	-146.663
78.7973	-89.075	-145.279
75.3402	-87.5209	-145.007
73.5516	-87.1687	-148.342
72.7718	-83.7108	-149.711
70.6153	-84.0688	-152.819
68.4899	-87.1971	-153.189
70.1649	-86.6543	-156.556


85.4993	-83.9313	-145.344
84.7257	-87.6517	-145.344
83.945	-88.1312	-149.031
83.8063	-91.5457	-150.693
83.902	-93.4084	-147.382
80.7486	-95.5252	-147.505
79.9563	-97.2869	-150.777
77.2077	-98.8008	-152.921
76.2178	-100.564	-156.138
72.8647	-99.5969	-157.642
69.5591	-101.255	-156.769


113.12	-67.7527	-100.002
113.831	-64.0576	-99.472
111.258	-63.611	-102.232
112.858	-60.3639	-103.387
115.965	-59.0447	-101.641
119.308	-57.25	-101.843
118.655	-54.9217	-98.9117
115.208	-53.5972	-99.8089
115.718	-54.67	-96.1994
119.375	-54.7493	-95.17
120.889	-51.2684	-94.9943


113.12	-67.7527	-100.002
113.831	-64.0576	-99.472
111.261	-63.6088	-102.235
112.309	-64.1819	-105.842
114.293	-67.4228	-105.807
113.227	-69.9191	-108.467
116.756	-70.9763	-109.397
119.335	-68.298	-108.61
119.493	-71.4646	-106.516
117.799	-74.4344	-108.174
119.69	-75.6298	-111.245


204.805	-34.5697	-134.132
206.056	-31.3124	-135.637
209.138	-30.474	-137.695
211.953	-29.3136	-139.969
210.187	-25.9524	-139.815
209.744	-24.078	-136.539
210.835	-21.2883	-138.877
214.069	-20.3542	-140.64
216.335	-22.0566	-138.109
215.186	-25.6751	-137.945
214.033	-26.6192	-134.449


204.805	-34.5697	-134.132
206.056	-31.3124	-135.637
209.138	-30.474	-137.695
212.049	-28.3825	-138.957
210.582	-26.2375	-141.729
208.563	-23.1078	-140.977
210.99	-22.1837	-143.75
214.721	-21.5887	-144.157
215.575	-21.1253	-140.483
214.785	-24.6753	-139.382
212.948	-24.7322	-136.056


280.348	-64.2606	-105.046
281.665	-65.2953	-101.635
284.256	-68.0151	-101.058
285.158	-68.0012	-97.3672
283.723	-70.1047	-94.5465
283.556	-66.7786	-92.7164
280.071	-65.3276	-92.2838
276.957	-66.3153	-94.2245
276.845	-69.9529	-95.3179
276.502	-70.8316	-91.6367
278.308	-73.5418	-93.5944


280.348	-64.2606	-105.046
281.665	-65.2953	-101.635
285.391	-66.0225	-101.805
287.113	-64.9886	-98.5796
288.732	-66.8236	-95.6725
287.387	-63.4767	-94.4776
285.196	-64.9994	-91.7718
285.132	-68.6337	-90.6639
288.476	-70.4267	-90.8768
289.639	-68.1563	-88.0603
292.488	-69.1436	-90.3722


385.425	-12.807	-53.5012
387.207	-12.7522	-56.857
383.43	-12.3803	-57.0362
383.492	-11.1986	-60.6472
383.726	-12.2713	-64.2852
381.017	-9.68489	-63.6433
384.439	-8.03573	-63.5652
384.646	-5.21549	-61.0268
382.017	-4.73042	-58.326
383.72	-3.88551	-55.0358
383.321	-0.391497	-53.5962


385.425	-12.807	-53.5012
387.207	-12.7522	-56.857
386.429	-16.2774	-58.0432
384.57	-17.598	-61.0831
384.923	-19.0831	-64.563
381.712	-20.825	-63.5159
380.923	-17.3982	-64.9559
380.159	-14.1849	-63.0768
379.31	-17.1353	-60.8375
381.473	-17.0215	-57.7156
379.843	-16.2594	-54.3688


388.87	-23.194	-30.2274
390.53	-24.113	-33.5197
388.992	-27.505	-34.2742
392.669	-27.8999	-33.4006
396.347	-26.9573	-33.2641
400.106	-26.401	-33.2429
403.494	-28.122	-33.1891
406.914	-26.8883	-34.2934
407.878	-30.107	-32.5184
407.361	-28.5251	-29.1023
408.089	-32.0954	-28.024


388.87	-23.194	-30.2274
390.53	-24.113	-33.5197
393.146	-26.1136	-35.4145
394.779	-23.1832	-33.629
396.322	-19.7936	-32.8743
398.213	-16.5408	-32.3416
401.543	-16.2179	-30.5403
402.286	-14.0199	-27.5308
405.572	-15.2748	-26.0942
403.794	-17.849	-23.938
405.933	-17.7536	-20.7989


286.619	-70.9831	-51.4188
286.384	-68.4605	-48.5867
285.572	-67.5534	-44.9868
282.425	-67.8016	-42.8713
282.353	-70.4298	-45.6149
285.219	-72.9168	-45.8277
286.966	-74.3155	-48.8984
287.89	-77.391	-46.8668
288.803	-75.7172	-43.5797
292.176	-77.4179	-43.1654
294.933	-78.1843	-45.6658


286.619	-70.9831	-51.4188
286.384	-68.4605	-48.5867
285.105	-67.0564	-51.8783
285.416	-63.67	-53.5741
287.732	-64.5612	-50.6963
290.156	-62.3032	-48.8342
289.497	-60.1819	-45.751
292.904	-58.6629	-45.0275
295.971	-60.7109	-45.9454
297.245	-60.2677	-42.3931
295.458	-59.8095	-39.071


282.403	-73.3042	-52.4477
285.676	-73.088	-54.3654
288.824	-75.0947	-53.6535
291.152	-72.9982	-51.5033
287.753	-71.3086	-51.6794
285.406	-68.679	-50.2592
284.994	-64.9015	-50.2934
281.884	-64.3505	-48.1807
279.022	-66.8494	-48.1349
277.525	-63.3706	-47.8213
278.764	-59.8999	-46.8941


282.403	-73.3042	-52.4477
285.676	-73.088	-54.3654
289.448	-73.3476	-54.752
291.093	-69.977	-54.1409
287.439	-69.7903	-53.1118
285.875	-66.4093	-52.3611
286.047	-62.7529	-53.3814
283.416	-61.0593	-51.2246
279.951	-62.132	-50.0917
277.511	-59.7762	-51.8055
276.971	-58.7065	-55.4117


303.336	-49.8505	-74.4733
301.241	-50.9908	-77.4313
300.83	-47.57	-79.0344
304.259	-47.6194	-80.6717
302.9	-46.9612	-84.1589
301.742	-43.4375	-83.3324
305.211	-41.9257	-83.6818
304.117	-39.3376	-86.2399
304.128	-36.4715	-83.7447
307.886	-35.9454	-83.9498
307.781	-32.8473	-86.1477


303.336	-49.8505	-74.4733
301.241	-50.9908	-77.4313
301.822	-47.9224	-79.5965
305.219	-49.0979	-80.8288
303.864	-50.447	-84.1127
301.585	-47.4651	-84.7108
304.039	-45.7132	-87.024
302.808	-47.5151	-90.1348
299.529	-45.5995	-90.2736
301.001	-42.6741	-92.2013
301.244	-44.431	-95.562


270.627	-42.2991	-85.7797
271.992	-38.8034	-86.377
268.652	-36.9959	-86.2401
268.926	-36.1959	-82.5355
270.148	-32.645	-83.1173
266.748	-31.0806	-82.4575
266.438	-32.5678	-78.9744
269.075	-30.2818	-77.4695
266.537	-28.0754	-75.6992
267.533	-29.245	-72.2236
269.978	-26.4302	-71.4893


270.627	-42.2991	-85.7797
271.992	-38.8034	-86.377
268.75	-36.9379	-85.7053
270.146	-35.0208	-82.736
270.743	-31.84	-84.7273
267.252	-30.4734	-84.1073
268.033	-29.3352	-80.5669
269.684	-26.1003	-81.6851
266.868	-23.9017	-80.3904
268.477	-23.3765	-76.9881
271.394	-21.2603	-78.1936


233.318	-31.7198	-47.3502
232.516	-32.8857	-50.8769
231.384	-29.5137	-52.2132
234.901	-28.3709	-53.085
234.834	-29.918	-56.5552
233.088	-26.9395	-58.1434
236.166	-25.8251	-60.0738
235.582	-28.2528	-62.9381
233.194	-25.9335	-64.7715
235.956	-23.673	-66.0753
236.394	-25.3936	-69.4352


233.318	-31.7198	-47.3502
232.516	-32.8857	-50.8769
230.588	-29.7901	-51.9439
233.55	-27.4533	-51.4906
232.796	-25.4487	-54.6294
230.474	-23.0237	-52.8497
233.21	-20.4763	-52.1707
233.679	-19.5977	-55.8378
230.969	-16.934	-55.8254
232.854	-14.6368	-53.4568
236.012	-14.3347	-55.5487


244.87	-39.8586	-17.4958
246.742	-41.2496	-20.496
244.118	-40.3728	-23.1015
246.072	-37.4165	-24.4733
248.804	-39.5788	-25.9915
247.061	-39.8875	-29.3544
248.095	-36.4192	-30.5136
250.551	-37.7228	-33.1032
248.048	-37.5581	-35.9574
249.279	-34.1877	-37.2086
252.792	-35.3076	-38.1253


244.87	-39.8586	-17.4958
246.742	-41.2496	-20.496
245.499	-38.6959	-23.0208
248.742	-36.7158	-23.0271
250.245	-38.6663	-25.9217
248.37	-36.6955	-28.5755
251.194	-34.209	-29.1083
252.526	-35.9778	-32.1967
249.876	-34.5264	-34.5014
252.178	-31.8583	-35.9232
253.239	-33.7894	-39.0191


234.43	-25.1925	-3.84041
237.81	-24.8624	-5.54662
238.544	-28.5817	-5.80609
238.783	-28.5519	-9.59841
242.455	-29.5288	-9.64225
241.806	-33.0703	-8.42721
241.551	-34.5134	-11.9332
245.009	-36.0846	-11.8297
244.065	-38.644	-9.1845
243.167	-41.3338	-11.7144
246.652	-42.814	-12.0455


234.43	-25.1925	-3.84041
237.81	-24.8624	-5.54662
238.225	-28.535	-6.42921
237.172	-28.0673	-10.0503
240.73	-27.6234	-11.31
241.191	-31.3078	-12.118
239.791	-30.989	-15.6363
243.205	-30.5446	-17.2441
243.837	-34.2775	-17.5688
242.263	-34.5235	-21.0184
245.485	-34.188	-23.0052


237.16	-19.8943	-1.59202
239.398	-20.1432	-4.65306
242.206	-17.9506	-3.33277
244.029	-20.8264	-1.6451
246.357	-21.4327	-4.5864
249.177	-19.3415	-3.13246
250.58	-22.1934	-1.04939
252.894	-23.4241	-3.80085
255.916	-21.5429	-2.47104
257.324	-24.5539	-0.629486
259.4	-25.9075	-3.50981


237.16	-19.8943	-1.59202
239.398	-20.1432	-4.65306
242.112	-17.7905	-3.41422
243.986	-20.5047	-1.52709
246.149	-21.4572	-4.50295
249.092	-19.3271	-3.38868
250.426	-21.9482	-0.982342
252.737	-23.523	-3.55523
255.841	-21.7722	-2.2363
257.086	-24.8178	-0.335398
259.153	-26.2933	-3.16232


253.479	9.18327	-14.8082
250.124	7.83943	-13.6344
249.416	5.68201	-16.6815
251.309	2.67498	-15.3343
248.202	1.02341	-13.8986
247.256	-0.660443	-17.1711
249.346	-3.76068	-16.4923
246.544	-5.58306	-14.6839
245.104	-7.08509	-17.8637
247.202	-10.2463	-17.6467
244.778	-12.2444	-15.5082


253.479	9.18327	-14.8082
250.124	7.83943	-13.6344
249.476	5.58502	-16.6242
250.884	2.48435	-14.9377
247.769	1.87926	-12.8466
246.001	-0.102082	-15.5646
247.283	-3.45856	-14.3275
244.188	-4.1773	-12.2431
242.286	-5.76351	-15.1251
243.227	-9.31464	-14.1533
240.652	-9.71665	-11.3881


260.544	4.42642	-13.3334
256.812	4.09748	-12.6991
256.821	5.57681	-9.19887
256.239	9.13338	-10.4038
252.474	8.96879	-9.91794
252.615	10.1547	-6.31049
252.167	13.8184	-7.21371
248.378	13.6968	-6.95292
248.335	14.5729	-3.25554
248.59	18.3161	-3.85828
244.865	18.9599	-4.24906


260.544	4.42642	-13.3334
256.812	4.09748	-12.6991
256.81	5.65383	-9.23242
256.333	9.19644	-10.5219
252.56	8.86811	-10.8236
251.904	10.0206	-7.26244
251.419	13.6601	-8.24204
247.627	13.4814	-8.07059
247.439	15.0606	-4.61944
246.432	18.4799	-5.93662
242.679	17.8857	-5.8961


249.119	21.3068	-4.43826
251.782	18.6246	-4.83343
254.022	20.5664	-7.21072
256.506	21.5454	-4.5074
258.505	18.327	-4.80015
260.542	19.5437	-7.7687
263.098	21.3532	-5.61693
265.608	18.5022	-5.72678
266.745	19.2807	-9.26829
269.193	21.9773	-8.18401
272.154	19.6744	-7.5768


249.119	21.3068	-4.43826
251.782	18.6246	-4.83343
253.783	20.3793	-7.5457
256.134	22.0821	-5.09366
258.418	19.0627	-4.76996
260.644	20.0973	-7.6708
263.08	22.012	-5.47033
265.19	18.9526	-4.67858
267.617	19.5504	-7.54107
270.1	21.47	-5.39878
272.202	18.4785	-4.36453


268.344	10.1913	-3.73251
265.588	12.5692	-2.64048
263.469	12.2693	-5.78052
261.495	9.28815	-4.49471
259.06	11.4183	-2.50096
256.599	11.7737	-5.37418
254.717	8.58712	-4.5121
252.131	10.3723	-2.37531
249.9	11.2439	-5.32536
247.928	8.00059	-5.14578
245.618	9.0393	-2.31239


268.344	10.1913	-3.73251
265.588	12.5692	-2.64048
263.558	12.4027	-5.84812
261.469	9.44456	-4.69652
258.635	11.6109	-3.38646
256.699	11.527	-6.65532
254.671	8.4625	-5.68805
251.85	10.4843	-4.14044
250.032	10.9786	-7.44034
248.139	7.69215	-7.20514
245.186	9.01935	-5.21578


245.418	27.0102	-2.16881
248.912	25.6231	-1.61248
248.692	25.3682	2.17256
246.563	22.2209	2.11185
249.549	19.8818	1.87872
250.031	19.686	5.64289
247.857	16.594	6.03279
250.77	14.1752	5.71243
251.192	13.7637	9.46647
248.493	11.1046	9.75578
250.678	8.14432	8.80665


245.418	27.0102	-2.16881
248.912	25.6231	-1.61248
248.492	24.8253	2.07907
247.106	21.3433	1.45119
250.519	19.6752	1.53871
250.497	19.2142	5.31058
249.017	15.7179	5.14505
252.403	14.002	4.96213
252.817	13.8219	8.73518
251.147	10.4215	9.0323
254.273	8.3381	8.45968


239.535	20.4985	-3.38685
243.159	21.6368	-3.48785
243.418	22.6282	0.17141
244.446	19.1563	1.32391
248.163	19.82	0.894808
248.608	21.1483	4.42713
249.456	17.7449	5.88912
253.204	18.1883	5.44481
253.673	19.8997	8.80512
254.04	16.6402	10.7237
257.818	16.3674	10.4213


239.535	20.4985	-3.38685
243.159	21.6368	-3.48785
243.461	22.4928	0.202144
244.622	19.0138	1.19655
248.311	19.8412	0.812989
248.665	21.1432	4.36539
249.848	17.8107	5.75646
253.491	18.4283	4.87194
254.232	20.316	8.08569
255.331	17.2107	9.98005
258.977	17.3053	8.91359


238.617	25.9809	5.03677
242.167	25.2126	3.91821
243.527	24.2975	7.34651
242.693	20.6067	6.99611
246.05	19.7178	5.4548
247.682	18.9359	8.79664
246.738	15.2561	8.70191
249.995	14.1853	7.06298
251.776	13.5908	10.3667
250.666	9.96579	10.6277
253.714	8.44425	8.94257


238.617	25.9809	5.03677
242.167	25.2126	3.91821
243.6	24.5856	7.38123
242.852	20.8605	7.31744
246.19	19.9425	5.75144
247.932	19.4612	9.09432
247.076	15.7653	9.31384
250.172	14.659	7.40781
252.319	14.3659	10.5293
251.486	10.7013	11.092
254.276	9.27453	8.94199


238.364	23.071	4.47827
241.702	22.6687	2.70626
243.834	22.3618	5.83625
243.409	18.5943	6.09008
246.376	17.836	3.84054
248.892	17.8863	6.6879
248.605	14.1583	7.36597
251.391	13.231	4.95368
254.129	13.5504	7.56918
253.993	9.88375	8.55753
256.46	8.6282	5.95431


238.364	23.071	4.47827
241.702	22.6687	2.70626
243.827	22.3046	5.83528
243.261	18.5574	6.11618
246.241	17.6714	3.93066
248.663	17.4587	6.85132
248.097	13.7412	7.39936
250.892	12.6942	5.04706
253.561	12.7692	7.7505
253.057	9.1334	8.73378
255.659	7.67074	6.38222


243.069	25.1063	-2.28143
245.449	22.2852	-1.37633
247.845	24.3736	0.70632
245.961	23.7935	3.95529
247.922	20.6628	4.84747
250.583	22.5565	6.78971
248.745	22.2786	10.1043
250.321	18.9405	11.0061
253.225	20.5131	12.886
251.426	20.497	16.2331
252.533	17.0272	17.3175


243.069	25.1063	-2.28143
245.449	22.2852	-1.37633
247.849	24.3752	0.699661
245.877	23.9413	3.91865
247.645	20.7195	4.88507
250.37	22.4893	6.85548
248.421	22.4354	10.1173
249.818	19.0744	11.2093
252.829	20.5909	12.9624
251.077	20.8733	16.3224
251.893	17.3696	17.5467


243.639	29.8487	2.50382
245.397	26.4823	2.62455
244.416	25.594	6.1867
241.154	23.9328	5.16698
242.753	20.5343	4.58732
242.057	19.3047	8.11495
238.625	17.9247	7.24639
239.946	14.4873	6.30927
239.808	13.1661	9.86949
236.184	12.0527	9.6081
236.887	8.53424	8.35681


243.639	29.8487	2.50382
245.397	26.4823	2.62455
244.476	25.6258	6.21027
241.213	23.9281	5.25669
242.822	20.5256	4.73477
242.448	19.4903	8.37178
239.047	17.8796	7.84395
240.484	14.4203	7.20614
240.525	13.4637	10.8836
237.019	11.9995	10.8245
238.028	8.46462	9.86181


