1.453088149473543e+00	1.318927093415868e+00
1.498096718345741e+00	2.095682146864372e+00
1.500300331241049e+00	2.022192970989662e+00
1.499925072780242e+00	1.219725062316372e+00
1.500311797133614e+00	1.609305254108284e+00
1.500036569676171e+00	1.807754884778007e+00
1.499535329350874e+00	1.184587398890594e+00
1.498754004103317e+00	1.625660448082420e+00
1.453243711244677e+00	1.535798893702196e+00


0	0	0
0	0	3.8
0.940463	3.65464	4.24626
-2.22309	4.52146	6.16474
-0.366423	5.38786	9.36507
1.17272	8.55401	7.9345
-1.64215	10.7955	9.15605
0.376271	12.2093	12.0487
2.79355	14.0892	9.79858
0.804201	17.3251	9.90303
2.43978	18.7533	13.0216


0	0	0
2.50494e-16	1.00198e-15	3.8
0.940463	3.65464	4.24626
-2.22309	4.52146	6.16474
-0.366423	5.38786	9.36507
1.17272	8.55401	7.9345
-1.64215	10.7955	9.15605
0.376271	12.2093	12.0487
2.79355	14.0892	9.79858
0.804201	17.3251	9.90303
2.43978	18.7533	13.0216


3.8
3.8
3.8
3.8
3.8
3.8
3.8
3.8
3.8
3.8


