23.871	9.800	-9.365
26.714	11.686	-11.004
28.441	14.899	-9.950
29.616	17.466	-12.471
33.255	18.598	-12.476
32.074	21.945	-11.100
30.444	20.169	-8.154
33.590	18.100	-7.518
35.659	21.304	-7.528
33.458	22.818	-4.809
33.974	19.625	-2.796
37.730	19.605	-3.262
38.052	23.320	-2.567
36.612	23.039	0.910
38.507	19.785	1.545
41.701	21.701	0.846
40.892	23.822	3.893
40.151	20.762	6.020
43.632	19.557	5.093
45.247	22.597	6.703
44.586	20.728	9.985
42.953	17.363	9.450
43.422	16.392	13.100
41.437	19.369	14.423
38.623	18.879	11.895
38.446	15.150	12.712
38.068	15.866	16.429
35.254	18.340	15.806
33.453	15.940	13.491
33.651	12.840	15.684
32.679	14.812	18.782
29.739	16.366	16.920
28.648	12.891	15.863
28.834	11.439	19.384
27.046	14.411	20.925
24.234	14.583	18.371
23.740	10.829	18.182
25.208	9.236	21.334
24.238	5.719	20.246
26.998	5.934	17.626
29.703	6.108	20.304
28.594	2.671	21.508
29.988	1.196	18.284
33.527	2.108	19.344
34.917	-0.322	21.922
38.051	1.793	22.187
36.242	5.047	22.849
32.860	4.282	24.407
34.113	4.973	27.916
34.524	8.690	27.135
31.825	10.516	29.111
32.233	14.182	28.164
33.353	16.432	25.328
36.348	17.407	27.442
37.371	13.753	27.691
36.882	13.345	23.967
38.984	16.407	23.174
41.809	15.209	25.396
41.910	11.731	23.887
45.009	11.366	21.726
43.779	8.085	20.260
40.441	9.612	19.229
42.324	12.421	17.539
44.479	9.935	15.671
41.374	8.010	14.647
39.754	11.184	13.314
42.826	11.671	11.119
42.459	8.113	9.842
38.763	8.572	9.070
39.059	11.934	7.282
42.142	10.873	5.311
40.283	7.822	3.974
37.290	10.009	3.102
39.520	12.570	1.395
41.099	9.833	-0.754
37.596	8.774	-1.781
36.525	12.342	-2.602
39.662	12.958	-4.670
38.669	9.978	-6.851
35.637	12.018	-7.958
33.302	9.027	-8.120
35.878	6.475	-9.250
36.240	5.092	-5.747
35.518	1.414	-6.272
38.873	0.228	-4.941
38.773	2.502	-1.908
35.269	1.395	-0.983
36.009	-2.332	-0.987
38.086	-2.562	2.237
36.020	0.124	3.938
32.700	-1.541	3.192
33.991	-4.938	4.245
35.264	-3.798	7.622
32.272	-1.557	8.311
29.725	-4.169	7.317
31.330	-7.240	8.882
33.555	-6.146	11.739
32.290	-2.781	12.998
28.684	-3.274	11.895
27.824	0.311	10.969
24.288	0.921	9.690
23.787	3.237	6.712
21.738	5.429	9.046
24.897	5.978	11.098
26.801	6.891	7.923
24.029	9.417	7.381
24.706	10.754	10.899
28.425	11.249	10.259
27.662	12.885	6.908
25.455	15.306	8.836
28.300	15.960	11.268
30.793	16.584	8.466
28.490	19.127	6.871
27.812	20.812	10.218
31.492	21.291	10.987
32.385	22.541	7.505
29.424	24.936	7.566
30.656	26.494	10.796
34.429	26.435	10.191
34.368	27.371	6.490
31.674	29.928	5.511
34.138	31.243	2.886
34.142	27.944	0.996
30.962	26.278	2.219
28.102	28.452	1.027
24.841	26.953	-0.278
26.141	25.650	-3.609
29.300	24.197	-2.043
27.278	22.509	0.713
24.923	21.065	-1.920
27.924	19.634	-3.810
29.380	18.066	-0.652
25.986	16.588	0.232
25.818	15.141	-3.281
29.292	13.601	-2.929
28.419	12.098	0.461
25.094	10.767	-0.848
27.021	9.054	-3.676
29.453	7.621	-1.154
26.569	6.230	0.961
24.727	4.880	-2.087
27.780	3.001	-3.334
28.680	1.810	0.172
25.143	0.512	0.705
25.266	-1.444	-2.554
28.535	-3.018	-1.427
27.063	-3.813	2.011
24.361	-5.706	0.155
26.903	-7.655	-1.908
28.753	-8.530	1.313
25.598	-9.826	3.010
24.809	-6.902	5.337
22.989	-4.032	3.634
22.330	-2.629	7.090
