39.335	28.312	155.475
38.980	31.265	157.893
40.075	34.829	157.132
42.400	35.970	159.959
40.387	37.918	162.521
36.990	37.190	160.878
33.985	36.307	163.007
32.493	34.204	160.197
33.522	31.053	158.391
32.103	29.223	155.377
30.149	26.062	156.274
31.853	23.569	153.883
29.694	20.703	155.219
26.770	21.971	153.094
28.107	20.179	150.028
25.052	20.900	147.862
26.055	24.612	147.952
29.749	24.826	148.948
32.493	23.162	146.897
36.205	24.014	146.789
35.405	27.051	148.955
33.033	28.375	146.300
29.278	28.757	146.453
26.567	27.400	144.158
22.844	28.106	144.168
20.214	26.380	142.022
17.286	28.697	141.261
15.064	25.591	141.295
15.851	25.353	145.026
15.395	29.104	145.467
11.921	29.090	143.989
11.005	26.340	146.496
12.357	28.564	149.294
15.006	25.950	150.158
18.062	28.245	150.192
18.960	30.428	153.149
22.421	31.914	152.457
22.901	32.574	156.194
22.982	28.840	156.760
26.151	28.645	154.614
28.266	30.381	157.240
29.170	29.843	160.872
29.204	32.939	163.083
30.968	33.602	166.338
28.803	34.526	169.330
28.018	38.248	169.431
28.116	38.750	165.657
25.472	38.767	162.923
25.735	38.575	159.121
23.737	40.128	156.302
24.308	38.685	152.835
24.531	40.655	149.616
24.696	39.272	146.119
26.239	41.204	143.261
25.248	40.142	139.752
25.510	42.283	136.643
25.039	45.910	137.737
22.813	45.068	140.701
23.031	44.213	144.399
20.452	41.852	145.881
19.645	41.483	149.545
17.141	38.625	149.144
18.085	35.312	147.511
14.509	35.203	146.063
15.508	38.105	143.747
18.065	35.988	141.851
16.507	35.302	138.441
19.405	34.864	136.038
22.104	32.192	135.871
25.816	32.801	135.541
28.696	34.034	137.666
28.056	36.424	140.557
29.358	37.049	144.048
28.065	36.356	147.525
29.332	38.482	150.429
28.569	38.268	154.127
28.903	41.619	155.886
29.610	40.969	159.572
28.237	43.251	162.337
28.815	43.563	166.087
26.037	43.892	168.653
25.818	47.642	168.007
24.714	47.047	164.414
27.975	48.474	163.049
30.499	46.483	160.919
33.036	44.408	162.826
36.573	45.693	162.297
39.113	42.906	162.567
42.368	42.916	164.528
44.182	43.853	161.312
42.223	47.124	160.862
40.006	45.926	157.998
36.199	45.631	157.907
35.061	42.037	158.383
33.472	40.861	155.145
33.503	37.317	153.736
33.541	37.209	149.936
32.630	33.983	148.121
32.718	33.285	144.345
29.161	32.258	143.332
27.808	30.147	140.474
24.083	30.462	139.844
22.386	27.713	137.834
18.892	26.429	137.275
18.002	22.741	137.036
14.269	23.527	136.458
14.071	22.600	132.755
16.297	19.547	133.210
14.039	18.362	136.026
10.916	18.867	133.883
12.579	17.034	131.003
13.493	14.166	133.281
9.871	13.842	134.488
8.597	13.941	130.888
10.918	11.082	129.826
10.042	9.162	132.996
6.335	9.496	132.179
6.952	8.399	128.595
9.179	5.464	129.640
6.442	4.154	131.984
4.052	3.587	129.081
3.540	-0.227	128.767
4.002	0.010	124.973
7.820	0.034	125.589
9.793	-3.108	126.387
10.492	-3.539	130.092
14.214	-3.923	129.296
14.393	-0.550	127.507
12.239	1.185	130.171
14.598	-0.057	132.866
17.727	1.121	131.064
16.205	4.552	130.473
14.987	4.931	134.089
18.393	3.863	135.369
20.038	6.705	133.453
17.445	9.220	134.608
17.930	8.093	138.246
21.685	8.565	137.967
21.248	12.115	136.663
18.556	12.967	139.231
20.687	11.703	142.153
23.607	13.784	140.838
21.695	17.084	140.555
19.937	16.485	143.892
23.242	16.107	145.682
25.909	18.001	143.761
26.286	21.595	142.564
26.642	22.233	138.825
27.317	24.989	136.310
24.569	25.848	133.798
26.789	24.445	131.037
26.778	21.135	132.888
22.964	21.307	133.343
22.502	21.934	129.596
24.748	18.965	128.780
22.598	16.734	131.040
19.473	17.853	129.139
21.144	16.471	126.004
21.995	13.235	127.867
18.295	12.931	128.885
17.129	13.470	125.285
19.558	10.753	124.188
18.420	8.320	126.917
14.815	8.702	125.723
15.900	7.462	122.283
16.800	4.114	123.878
13.120	3.212	124.388
12.137	0.290	122.133
8.543	-0.587	121.262
7.349	-4.056	122.270
5.871	-4.045	118.702
9.388	-3.593	117.232
10.933	-6.177	119.606
8.228	-8.744	118.777
8.990	-8.398	115.034
12.799	-8.637	115.487
12.102	-11.913	117.312
10.415	-13.281	114.138
12.020	-15.778	111.731
11.464	-16.498	108.026
