25.348	75.401	17.082
27.068	72.517	15.302
29.388	72.342	18.312
26.662	72.283	20.956
24.873	69.597	18.889
27.974	67.396	19.039
28.706	68.092	22.712
25.149	67.235	23.747
25.540	63.911	21.948
28.988	63.181	23.403
27.962	63.673	27.029
24.605	61.861	26.776
23.756	58.396	28.137
21.940	55.442	26.454
20.959	51.738	26.676
24.656	51.255	26.472
26.715	54.305	27.347
26.581	54.956	31.070
29.612	57.223	31.229
31.433	60.070	29.582
34.703	58.338	28.749
38.102	59.956	28.590
37.912	59.833	24.802
34.458	61.444	24.689
35.746	64.175	27.020
38.750	64.710	24.749
36.363	65.077	21.804
34.302	67.609	23.727
37.393	69.622	24.584
38.614	69.545	20.974
35.173	70.634	19.772
35.180	73.596	22.172
38.639	74.631	20.979
37.781	74.228	17.275
34.499	76.162	17.611
34.023	79.360	15.582
31.087	80.543	17.715
31.993	79.706	21.325
29.607	82.164	23.042
26.692	80.849	20.969
27.673	77.303	21.880
27.728	78.043	25.610
24.380	79.853	25.347
22.843	76.817	23.632
24.213	74.360	26.181
22.934	76.480	29.060
19.488	76.830	27.477
19.166	73.029	27.148
20.340	72.427	30.717
23.445	70.703	29.337
26.083	73.128	30.618
26.022	71.994	34.256
25.950	68.371	33.053
29.017	69.047	30.912
31.035	70.237	33.896
29.813	67.423	36.148
30.387	64.623	33.653
33.922	65.451	32.571
35.545	63.742	35.510
39.295	63.258	35.641
40.872	66.489	36.922
43.333	66.633	34.008
40.418	66.719	31.578
38.359	69.040	33.774
41.297	71.470	33.629
41.414	71.345	29.826
37.644	71.781	29.587
37.429	74.663	32.039
40.510	76.462	30.725
39.166	76.140	27.169
35.699	77.424	28.023
37.018	80.271	30.175
39.485	81.167	27.420
36.999	81.154	24.523
34.047	82.921	26.186
33.223	86.624	26.316
29.532	87.448	26.624
28.709	84.013	28.095
31.635	84.134	30.549
29.269	84.551	33.533
26.899	81.772	32.436
29.800	79.344	32.193
31.176	80.399	35.579
27.758	80.061	37.216
27.230	76.601	35.716
30.672	75.531	36.901
29.842	76.724	40.409
26.521	74.831	40.447
28.284	71.735	39.106
30.566	71.525	42.157
27.717	70.977	44.628
28.635	67.291	45.091
32.141	68.358	46.170
34.359	67.027	43.365
38.122	67.450	43.484
37.475	69.585	40.435
40.763	70.829	39.108
42.571	71.027	42.451
45.067	68.185	42.067
48.686	67.605	41.072
50.469	70.744	39.866
47.264	72.700	40.505
46.622	71.650	44.104
47.071	75.271	45.241
44.226	76.610	43.096
40.587	76.060	44.067
38.513	75.093	41.037
36.745	78.460	40.718
40.127	80.191	41.096
41.418	78.000	38.259
38.544	79.231	36.073
39.176	82.847	37.107
42.918	82.594	36.405
42.209	81.205	32.938
39.642	83.932	32.237
42.017	86.690	33.332
44.964	85.170	31.486
43.055	84.728	28.232
41.807	88.313	28.494
45.328	89.606	29.227
46.774	87.574	26.364
44.210	89.063	24.009
44.576	92.640	25.258
48.390	92.630	25.453
49.002	90.641	22.287
50.388	87.251	23.272
47.428	84.980	22.519
48.722	83.823	19.109
50.457	80.430	18.808
54.211	80.061	18.442
56.115	77.522	16.366
57.564	74.381	17.906
60.983	76.023	18.124
63.317	73.365	19.474
64.278	73.086	23.133
67.576	71.836	24.538
67.793	68.154	25.519
70.278	68.873	28.308
69.647	67.541	31.829
72.627	68.992	33.696
75.197	71.782	33.690
74.741	75.461	32.775
71.722	76.312	30.601
69.814	73.136	31.545
66.864	74.724	33.347
63.421	75.435	31.912
64.689	78.354	29.814
66.802	75.936	27.790
64.720	72.758	27.998
61.050	73.756	28.296
60.719	71.200	31.101
58.481	72.834	33.701
59.909	72.947	37.230
56.573	71.682	38.578
56.898	68.538	36.429
60.321	67.499	37.736
60.472	64.298	39.823
60.791	64.628	43.592
64.424	65.034	44.592
65.903	61.692	45.669
65.282	61.078	49.368
69.003	60.573	49.937
69.640	64.076	48.615
66.830	65.676	50.632
68.554	64.260	53.707
71.901	65.662	52.562
70.411	69.048	51.633
68.798	69.161	55.071
72.136	68.516	56.744
73.682	71.256	54.612
76.068	68.826	52.922
78.474	70.930	50.790
78.617	68.484	47.856
74.830	68.130	47.668
74.133	71.841	48.124
76.443	72.553	45.182
74.574	69.939	43.161
71.337	71.916	43.562
72.771	75.447	43.319
73.986	77.912	40.686
76.200	75.977	38.273
78.532	78.851	37.363
81.422	80.100	39.432
83.472	82.347	37.189
80.910	84.045	34.955
83.427	85.621	32.569
85.236	82.306	32.173
81.920	80.751	31.149
81.273	83.394	28.482
84.871	83.179	27.252
84.266	79.535	26.342
81.243	80.272	24.122
81.475	81.207	20.460
79.347	84.059	19.136
77.289	81.353	17.403
76.862	79.391	20.656
75.531	82.578	22.246
73.044	83.348	19.467
71.971	79.701	19.647
71.230	79.965	23.366
69.274	83.175	22.852
67.215	81.656	20.025
66.642	78.470	22.018
65.364	80.571	24.928
62.970	82.846	23.053
61.949	80.674	20.130
60.316	77.817	21.996
56.719	77.889	23.283
56.137	79.022	26.835
56.074	76.274	29.437
52.691	77.162	30.881
50.490	75.727	33.600
47.406	76.929	31.672
47.921	75.833	28.061
44.220	75.636	27.199
43.589	79.247	28.227
45.172	80.080	24.860
43.076	79.771	21.676
45.664	77.518	20.010
49.138	76.286	20.929
51.044	78.309	23.546
52.779	81.479	22.297
56.565	81.693	21.950
58.614	83.194	24.800
59.504	85.954	22.324
55.877	86.928	21.850
55.260	87.114	25.605
58.468	89.116	26.131
57.380	91.566	23.436
53.978	91.940	25.107
55.655	92.612	28.452
58.101	95.056	26.826
55.187	97.055	25.449
53.273	97.009	28.735
56.265	98.160	30.829
58.126	100.395	28.347
60.981	97.935	28.090
62.328	95.910	25.146
62.462	92.156	24.540
66.241	92.542	24.262
66.533	93.845	27.837
64.046	91.360	29.274
65.750	88.577	27.328
69.198	89.614	28.563
68.103	89.403	32.207
66.458	86.014	31.631
69.274	84.529	29.494
71.772	85.462	32.213
69.673	83.708	34.854
69.144	80.660	32.653
72.812	80.257	31.804
73.329	80.146	35.562
70.575	77.551	36.022
70.256	73.760	35.927
67.485	71.182	35.920
68.389	70.156	39.474
68.314	73.783	40.619
64.804	74.118	39.116
63.662	71.059	41.072
65.023	72.487	44.311
63.594	75.953	43.614
60.088	74.679	43.242
60.009	71.753	45.646
61.508	73.766	48.526
59.017	76.579	47.964
55.972	74.335	48.283
57.376	71.993	50.929
56.223	72.236	54.542
59.132	74.671	54.911
57.715	77.140	52.365
61.231	78.255	51.424
61.695	81.665	49.806
63.392	80.487	46.641
63.992	82.157	43.301
61.799	80.507	40.671
61.584	80.132	36.901
62.811	82.085	33.891
63.741	85.352	35.589
64.577	83.688	38.922
61.953	85.816	40.617
61.998	85.404	44.385
58.632	84.367	45.872
58.780	87.219	48.410
59.441	89.774	45.646
56.434	88.561	43.687
54.262	89.054	46.779
55.804	92.331	48.019
55.439	93.991	44.618
52.270	92.279	43.399
54.081	91.197	40.263
51.051	89.509	38.600
49.016	92.728	38.667
48.665	92.986	34.895
47.659	89.372	34.268
45.291	88.751	37.215
42.552	90.872	38.743
42.535	91.971	42.380
39.888	89.406	43.424
42.086	86.559	42.168
45.324	87.983	43.534
43.895	88.605	47.014
43.120	84.909	47.391
46.425	83.460	46.195
48.403	81.498	48.756
52.199	81.765	48.937
52.483	78.335	47.328
50.051	79.351	44.564
52.332	82.336	43.884
55.406	80.070	43.744
53.528	77.820	41.356
52.561	80.726	39.086
56.223	81.773	38.927
56.855	78.361	37.339
54.451	79.297	34.526
56.576	81.058	31.900
54.127	83.831	30.939
53.462	84.787	34.567
57.204	84.695	35.172
58.021	86.880	32.161
55.443	89.462	33.215
56.676	89.362	36.813
60.296	89.753	35.697
59.423	92.658	33.378
57.194	94.433	35.904
59.993	94.206	38.466
62.582	95.504	35.984
60.337	98.503	35.371
59.894	98.946	39.146
63.705	99.012	39.525
64.111	101.452	36.618
61.364	103.724	37.924
62.972	103.682	41.377
66.324	104.554	39.764
64.763	107.568	38.065
63.734	108.903	41.488
67.275	108.796	42.921
69.912	111.487	43.444
73.133	110.323	41.762
75.134	112.341	44.306
73.865	109.875	46.917
75.083	106.889	44.872
78.825	107.508	44.584
79.749	103.806	44.299
77.230	103.344	41.510
78.460	106.439	39.659
82.039	105.248	40.118
81.354	101.824	38.629
78.989	103.034	35.884
80.082	106.565	35.021
77.724	106.958	32.036
74.635	106.073	34.093
71.711	108.375	33.282
69.032	108.230	35.975
66.438	110.236	34.042
66.778	107.936	31.023
65.565	105.040	33.159
62.038	106.484	33.077
61.953	105.829	29.327
62.640	102.954	26.935
65.859	100.883	27.010
66.518	101.712	23.338
67.512	105.141	24.693
69.473	103.946	27.752
73.248	104.174	27.914
74.829	100.703	28.260
75.861	101.628	31.790
72.122	101.780	32.629
71.778	98.150	31.572
74.845	97.190	33.618
73.700	99.031	36.737
70.158	97.690	36.492
71.571	94.159	36.211
73.305	94.721	39.553
70.150	96.173	41.056
67.903	93.392	39.768
69.872	90.648	41.488
70.746	92.710	44.586
68.696	95.209	46.630
67.973	98.191	44.351
69.827	101.509	44.634
71.446	100.948	48.021
74.869	101.764	46.480
75.988	98.165	46.945
76.803	96.484	43.655
76.896	92.898	42.452
80.500	92.043	41.425
80.064	90.195	38.134
76.386	90.113	37.246
76.526	93.434	35.366
78.996	92.310	32.716
77.297	88.892	32.559
73.946	90.469	31.725
75.592	93.043	29.453
77.067	90.267	27.307
73.656	88.623	27.005
72.306	92.046	26.048
74.968	92.384	23.333
73.795	89.013	22.038
70.137	90.092	21.895
71.136	93.278	20.092
73.070	90.951	17.732
70.163	88.485	17.503
67.814	91.384	16.962
70.316	92.199	14.279
70.082	88.711	12.857
