13.391	15.358	-0.621
10.840	13.311	1.250
9.887	9.671	1.791
9.239	7.492	-1.239
8.935	3.807	-0.376
9.311	0.742	-2.545
7.787	-2.751	-2.376
5.443	-3.579	0.518
6.584	-0.549	2.557
3.971	2.217	2.760
4.197	5.748	4.108
1.167	7.534	5.517
1.863	11.210	4.957
0.076	14.248	3.624
0.323	17.894	4.546
0.919	18.555	8.239
0.802	14.847	9.280
3.938	13.412	10.939
4.783	10.575	8.506
4.138	6.965	9.542
6.189	4.235	7.882
4.218	1.016	7.623
7.342	-1.123	7.505
7.480	-4.449	5.657
6.694	-7.680	7.455
9.980	-8.882	9.010
11.729	-12.036	7.941
12.283	-15.122	10.112
15.197	-13.399	11.851
13.099	-10.360	12.799
14.549	-7.987	10.211
12.168	-5.662	8.357
13.949	-4.657	5.127
12.446	-1.475	3.732
13.671	-0.090	0.404
13.120	3.532	-0.492
13.715	5.567	-3.613
14.077	8.571	-1.257
14.461	8.588	2.561
14.532	11.791	4.559
13.270	12.781	7.993
12.428	16.360	9.026
11.232	17.849	12.280
9.388	16.709	14.287
10.473	13.322	12.912
8.983	10.070	11.670
7.135	7.151	13.220
8.100	3.586	12.311
4.979	1.463	12.747
5.949	-1.735	14.551
2.471	-2.057	16.052
0.051	-4.995	15.963
-2.582	-2.865	17.690
-3.986	0.606	17.229
-2.585	3.264	19.505
-0.883	6.600	19.836
2.682	7.644	19.084
4.467	10.328	21.105
5.299	12.583	18.177
2.542	11.647	15.705
-0.606	10.996	17.734
-3.088	8.305	16.783
-2.338	5.557	14.339
-3.642	2.134	13.464
-1.777	-1.136	13.492
0.567	-1.794	10.578
-1.393	-3.906	8.088
1.797	-5.467	6.699
2.785	-7.153	9.960
2.231	-10.792	10.874
4.875	-10.292	13.594
6.877	-7.397	14.986
10.393	-6.562	13.875
13.499	-6.748	16.040
15.493	-4.632	13.496
14.129	-2.108	11.025
16.351	-1.347	8.047
15.579	1.568	5.758
17.778	1.324	2.640
17.842	3.955	-0.087
18.107	2.380	-3.550
18.358	5.453	-5.849
20.976	8.252	-6.153
19.997	10.923	-3.602
21.493	11.286	-0.093
19.361	11.369	3.093
18.842	14.165	5.565
17.752	13.219	9.119
16.371	15.704	11.627
13.935	15.248	14.496
12.881	12.134	16.399
12.968	8.625	15.023
10.117	7.005	16.953
9.275	3.313	16.903
5.621	2.692	17.632
4.989	-0.739	19.132
7.790	-3.145	19.988
11.174	-1.502	20.358
13.634	-2.397	17.607
17.077	-1.637	16.222
17.065	1.080	13.557
19.456	0.987	10.609
19.411	3.763	8.023
21.561	2.941	4.964
22.221	5.278	2.073
25.465	4.855	0.052
24.971	8.342	-1.405
25.442	9.965	1.980
23.614	11.026	5.114
23.483	14.400	6.816
22.230	14.609	10.389
20.969	17.679	12.275
19.337	17.500	15.694
18.483	13.795	15.663
16.994	11.800	18.550
15.065	8.548	19.035
12.180	7.076	21.006
11.701	3.344	21.569
14.659	2.402	19.375
16.939	-0.170	20.975
19.998	1.005	19.039
20.691	3.190	15.981
23.087	2.697	13.060
23.614	5.315	10.327
25.518	3.919	7.393
26.537	4.503	3.796
27.045	0.744	3.466
25.016	-1.361	1.087
23.148	-3.947	3.210
23.262	-7.669	2.630
20.493	-9.323	4.664
20.366	-13.112	5.296
17.612	-13.709	7.810
18.747	-12.185	11.069
22.264	-11.404	9.814
22.867	-7.942	8.363
26.203	-7.043	6.756
26.942	-3.509	5.644
29.416	-3.158	2.795
30.860	0.297	2.915
32.568	1.358	-0.297
31.479	4.992	-0.578
29.631	7.846	1.085
29.973	10.391	3.867
27.923	10.841	7.054
27.989	14.405	8.319
26.806	15.275	11.794
25.834	18.951	11.557
25.754	21.480	14.377
22.369	20.281	15.785
24.039	17.025	16.703
22.697	13.722	17.912
20.910	12.935	21.140
21.591	9.215	21.710
19.720	8.997	25.034
17.933	5.659	25.374
20.038	3.730	22.844
22.409	0.966	23.700
24.719	2.244	20.954
24.788	4.819	18.212
26.995	3.684	15.326
28.039	5.715	12.311
29.567	3.494	9.605
30.641	5.213	6.369
33.511	5.734	3.989
34.137	9.165	5.482
32.683	10.830	8.561
32.518	14.542	9.455
31.657	15.480	13.055
30.502	19.103	13.256
28.003	18.730	16.108
27.866	16.921	19.433
26.944	13.292	19.951
25.818	12.730	23.531
23.263	11.388	25.858
21.598	13.660	28.365
23.257	14.358	31.651
22.521	11.585	34.152
20.366	9.565	31.700
21.113	6.127	30.169
24.305	6.641	28.222
24.721	5.192	24.747
27.941	3.760	23.430
29.244	5.578	20.351
31.140	3.961	17.482
32.316	5.776	14.383
33.756	3.345	11.792
35.273	4.810	8.637
36.814	3.224	5.566
36.081	0.413	3.156
34.680	-2.186	5.485
32.177	-4.903	5.831
30.465	-4.158	9.133
28.599	-7.007	10.705
25.557	-5.590	12.509
25.272	-8.399	15.066
28.944	-8.356	16.246
29.714	-4.704	15.481
33.000	-5.825	13.913
34.575	-4.185	10.868
36.682	-6.106	8.409
38.406	-4.198	5.616
37.111	-4.836	2.101
38.214	-3.813	-1.398
36.639	-0.782	-3.011
36.640	0.674	-6.462
38.170	3.903	-5.334
39.955	5.446	-2.395
38.005	7.212	0.307
40.332	10.207	0.028
44.024	10.961	-0.500
46.815	9.763	1.731
46.952	12.086	4.765
43.331	13.242	4.398
41.021	12.570	7.319
38.604	9.636	7.179
37.054	10.923	10.427
37.226	14.664	10.880
35.681	16.217	13.971
35.846	19.941	14.763
35.619	21.536	18.185
31.822	21.355	17.764
31.990	17.539	17.412
32.329	16.807	21.146
31.244	13.296	22.187
29.952	11.799	25.429
29.379	8.041	25.454
29.565	5.015	27.743
32.323	3.682	25.555
33.556	5.688	22.559
35.253	3.930	19.671
36.709	5.601	16.561
37.991	3.363	13.809
39.501	4.223	10.415
40.590	1.269	8.325
41.854	2.788	4.998
45.672	2.829	4.835
47.135	6.310	5.078
43.954	8.137	6.142
43.718	10.011	9.437
41.439	10.333	12.390
41.201	13.951	13.473
38.888	14.671	16.356
39.332	18.070	17.950
35.953	17.814	19.728
36.404	16.840	23.412
35.805	13.166	24.158
34.324	12.143	27.484
33.465	8.619	28.644
32.837	6.792	31.931
34.416	3.565	30.717
36.578	3.684	27.563
37.881	5.648	24.629
39.476	3.627	21.875
40.857	4.991	18.609
42.287	2.752	15.864
43.694	4.202	12.650
45.592	2.884	9.627
47.084	6.376	9.423
47.368	9.415	11.705
45.466	10.145	14.882
45.141	13.704	16.127
42.915	14.297	19.179
42.154	17.221	21.398
41.100	16.579	25.000
39.957	13.058	25.952
38.963	11.784	29.378
37.812	8.438	30.689
36.469	8.241	34.272
36.986	4.535	35.032
38.692	2.744	32.184
41.319	2.732	29.444
42.162	5.399	26.908
43.835	3.620	23.991
45.141	5.119	20.735
46.607	2.889	18.059
47.676	4.302	14.710
49.882	3.453	11.795
51.039	7.055	11.412
51.739	9.837	13.895
49.418	9.690	16.901
48.946	12.814	19.018
46.575	14.070	21.687
46.070	17.363	23.505
45.261	16.575	27.184
44.451	12.979	28.134
43.135	11.887	31.542
41.884	8.675	33.093
40.432	8.684	36.624
42.070	5.315	37.249
44.926	5.666	34.877
44.997	3.429	31.882
46.403	5.464	28.963
48.140	3.926	25.940
49.350	5.718	22.811
51.042	3.876	19.937
51.845	4.894	16.399
