3.597	22.720	27.626
3.424	26.298	26.370
1.168	27.167	23.452
1.871	29.547	20.608
-0.816	30.713	18.228
-0.523	32.809	15.084
-3.596	34.501	13.617
-2.775	34.990	9.973
-4.755	37.019	7.439
-4.578	40.161	5.350
-5.101	43.657	6.772
-8.744	44.396	7.512
-9.645	40.740	7.984
-10.290	41.195	11.717
-7.237	39.421	13.128
-6.864	41.676	16.144
-10.454	41.028	17.263
-10.007	37.245	16.983
-6.580	37.198	18.676
-7.809	39.468	21.467
-10.902	37.323	21.989
-8.809	34.159	22.204
-6.279	35.814	24.532
-8.962	37.024	26.947
-10.250	33.495	27.568
-6.953	31.606	27.702
-4.364	33.918	29.244
-2.191	33.836	26.123
0.002	36.942	25.730
-1.177	38.987	22.763
1.263	40.754	20.453
0.944	42.477	17.097
3.597	41.155	14.703
3.919	44.348	12.630
5.507	46.057	15.638
8.506	43.757	15.110
9.047	45.154	11.593
11.674	47.862	11.133
10.242	51.370	10.764
11.509	51.486	7.191
9.665	48.295	6.254
6.439	49.714	7.698
6.961	52.950	5.740
7.729	51.037	2.514
4.474	49.098	2.772
2.542	52.248	3.631
3.587	53.722	0.274
2.124	50.632	-1.394
5.316	48.693	-2.087
5.104	44.990	-1.203
7.985	43.525	0.814
10.057	40.649	-0.604
11.102	37.371	1.008
14.451	39.034	1.750
12.749	41.937	3.552
10.766	39.512	5.663
13.327	36.936	6.840
14.795	39.024	9.701
11.260	39.946	10.824
10.110	36.319	10.836
13.246	35.284	12.739
12.618	37.941	15.388
9.058	36.647	15.808
10.362	33.090	16.144
12.973	34.204	18.670
10.411	36.196	20.679
8.106	33.169	20.870
11.001	30.847	21.787
12.142	33.114	24.613
8.575	33.439	25.931
8.258	29.627	25.793
11.477	29.192	27.755
10.040	31.322	30.557
6.751	29.417	30.536
4.753	32.109	28.736
2.173	31.147	26.079
1.530	33.577	23.222
-0.827	34.620	20.424
0.293	36.998	17.680
-1.405	38.532	14.661
0.446	38.304	11.334
-0.337	39.552	7.831
-0.129	37.157	4.855
2.375	34.336	5.172
3.874	31.901	2.713
4.468	28.301	3.785
8.217	29.006	3.980
7.488	31.940	6.328
5.526	29.647	8.625
8.499	27.244	8.564
10.675	30.036	9.995
8.129	30.810	12.745
8.193	27.102	13.654
11.974	27.261	14.155
11.343	29.175	17.387
8.958	27.694	19.988
8.160	23.994	20.418
4.950	24.285	18.360
2.910	26.838	16.410
-0.829	26.642	15.711
-2.295	28.811	12.976
-5.698	30.443	12.750
-6.108	31.469	9.123
-8.667	34.292	8.940
-9.811	34.806	5.390
-12.644	35.228	2.933
-13.550	36.579	-0.491
-11.575	39.650	-1.575
-14.806	41.598	-2.148
-15.855	41.145	1.497
-12.429	42.230	2.713
-12.585	45.333	0.495
-16.050	46.129	1.842
-14.788	45.912	5.424
-11.928	48.315	4.654
-14.323	50.784	3.027
-16.158	51.218	6.345
-13.085	52.690	8.012
-11.834	56.274	7.834
-8.204	55.530	8.545
-6.011	52.811	7.145
-2.665	51.715	8.499
-1.917	50.075	5.130
-3.081	51.109	1.660
-5.940	49.218	0.023
-3.706	48.692	-3.018
-1.637	46.161	-1.063
-4.562	43.734	-0.877
-3.924	42.089	-4.253
-0.288	41.316	-3.416
-1.207	40.123	0.072
-3.797	37.690	-1.268
-1.088	36.357	-3.583
1.317	35.906	-0.624
-1.195	34.120	1.616
-0.521	30.421	0.902
-3.113	27.865	2.049
-2.318	25.852	5.154
-0.831	22.511	4.086
-1.593	19.030	5.523
1.518	18.753	7.716
0.861	22.106	9.393
-1.292	22.735	12.443
-4.063	25.161	11.633
-7.688	25.877	10.833
-9.467	28.322	8.528
-11.795	30.965	9.983
-14.243	32.424	7.447
-14.348	36.165	8.189
-17.908	36.373	6.885
-18.951	34.727	10.161
-19.482	36.756	13.307
-16.284	37.151	15.405
-17.982	35.643	18.481
-18.556	32.453	16.480
-15.024	32.441	15.076
-13.499	32.930	18.547
-15.560	30.038	19.947
-14.537	27.944	16.944
-10.861	28.804	17.512
-11.068	28.120	21.255
-12.693	24.725	20.685
-10.005	23.758	18.198
-7.001	25.146	20.117
-8.128	23.409	23.315
-5.770	25.518	25.415
-5.274	23.775	28.747
-6.880	25.789	31.589
-3.583	25.636	33.483
-1.978	27.879	30.838
-3.830	30.891	32.267
-3.534	32.717	35.570
-6.135	33.722	38.154
