0	0	0
0	0	3.8
-2.66659	0.875811	6.36169
-6.01724	2.66143	6.20459
-9.30008	4.46427	5.56217
-11.9625	6.92955	6.69095
-11.9179	9.78401	4.18294
-12.6085	10.4205	0.500839
-13.3232	14.097	-0.141366
-13.0841	14.1871	-3.93276
-10.2628	12.8142	-6.07651
-7.82833	12.4081	-8.96585
-5.25508	10.1328	-10.5912
-2.43623	12.5092	-9.6708
-2.12999	15.4295	-12.0829
0.886885	14.8522	-14.3201
1.54467	18.2305	-12.7094
3.04254	18.5519	-16.1869
4.0088	22.0703	-17.2487
2.82583	20.6633	-20.5745
-0.633109	19.7161	-21.8309
0.414935	16.2792	-23.0675
0.770506	15.2653	-26.7124
4.25009	16.5701	-25.9188
4.10124	13.1648	-24.239
5.50347	12.1115	-27.6102
6.6215	11.4846	-31.1874
3.3841	12.6409	-32.8068
4.12542	8.94762	-33.3072
2.17578	6.65651	-35.6288
-1.02085	7.61885	-37.4441
-3.85662	9.10418	-39.4916
-3.71428	5.6111	-40.981
-1.69041	2.42418	-40.548
-1.32522	2.36102	-44.3299
-3.13807	1.40676	-47.5304
-4.09801	-1.36881	-49.9417
-5.99934	-4.65476	-49.7758
-4.80712	-6.80933	-46.8816
-3.87905	-8.56912	-50.1192
-5.26985	-12.095	-49.8469
-5.38605	-13.5808	-46.3514
-4.01034	-13.6088	-42.8093
-5.57675	-15.6771	-40.0329
-8.11454	-17.6347	-37.9914
-10.0617	-20.0849	-35.8361
-12.8263	-22.4361	-34.7099
-16.5963	-22.8932	-34.8429
-19.7951	-20.8419	-34.8351
-23.2604	-20.6021	-36.3759
-22.068	-23.7222	-38.1878
-20.2238	-27.0317	-37.8941
-17.9693	-28.9078	-40.3102
-15.1612	-26.7356	-41.6653
-11.4417	-27.4809	-41.4422
-9.13579	-28.2861	-44.3533
-5.38641	-28.1722	-43.7457
-2.97479	-27.475	-46.5984
-2.41008	-31.1187	-45.6795
0.541029	-33.5076	-45.8364
0.158471	-37.28	-46.0858
0.93738	-36.1403	-42.5454
-1.57352	-38.9731	-42.2129
-4.57613	-38.1325	-44.3849
-5.89567	-38.1091	-47.9484
-6.9648	-36.9391	-51.4021
-8.58994	-40.3438	-51.8569
-8.79376	-44.1243	-51.5305
-10.5347	-41.9871	-48.9149
-12.8351	-43.9173	-46.5863
-15.8616	-42.6571	-48.5078
-18.3078	-39.7526	-48.6487
-20.6503	-39.5143	-51.6313
-21.1471	-36.7517	-54.1928
-22.0589	-33.105	-54.75
-20.1324	-31.8917	-57.7924
-17.9622	-33.9121	-60.169
-14.3071	-34.8303	-60.6563
-15.1556	-31.8753	-58.4229
-13.3313	-30.846	-55.2524
-11.5111	-30.1205	-58.5082
-12.6458	-28.6731	-61.8335
-9.98271	-28.2451	-64.5102
-10.438	-26.748	-67.9731
-9.14253	-26.0964	-71.4855
-11.3091	-26.7823	-74.5311
-11.3055	-29.7431	-72.1492
-10.6471	-32.2741	-69.3923
-8.0589	-29.4944	-69.5127
-6.44972	-32.5664	-67.9592
-3.91723	-32.4191	-65.1299
-3.00611	-34.1863	-61.8916
-4.52426	-37.5749	-61.0837
-3.65604	-38.511	-64.6628
-4.59639	-42.1926	-64.6226
-0.964165	-43.145	-64.0396
2.64091	-44.3333	-63.8627
5.37091	-41.9239	-62.7755
6.58749	-38.4509	-63.7233
9.17265	-37.1592	-66.1908
6.17069	-38.4753	-68.1133
7.30907	-38.5591	-71.7378
6.62822	-34.9104	-70.923
3.03823	-36.0164	-71.4965
0.191347	-33.6653	-72.3951
0.718771	-30.1622	-71.0202
-1.35627	-27.8645	-68.8168
1.21429	-25.0662	-68.779
1.17	-24.4352	-65.032
3.82726	-23.6425	-62.4338
5.05463	-21.1773	-59.8153
3.40485	-18.6962	-57.4568
5.42555	-16.2973	-55.3116
2.50906	-13.9039	-55.7653
-0.965693	-15.3575	-56.2685
-4.32717	-13.5873	-56.3512
-5.75091	-10.084	-56.7255
-8.01375	-7.43993	-58.2515
-7.94289	-8.73674	-61.8227
-4.79616	-10.6789	-62.6979
-3.38339	-13.703	-64.5141
0.275936	-14.6995	-64.2764
0.34644	-14.2233	-68.0458
-0.133315	-17.0436	-70.5469
-2.7547	-19.0406	-72.4391
-5.20725	-21.033	-74.5499
-4.52969	-23.4867	-77.3712
-4.90038	-27.2213	-77.9672
-4.57391	-28.8513	-81.3843
-7.44692	-29.362	-83.8184
-10.0253	-28.2681	-86.3865
-8.87283	-26.0228	-89.2274
-7.95545	-23.4371	-91.8565
-4.16543	-23.5518	-92.1067
-0.366004	-23.6129	-92.1325
-0.336338	-26.6554	-94.4089
-2.35482	-27.2757	-97.5682
-2.91993	-29.8959	-94.8746
-0.00518241	-32.3338	-94.899
0.734996	-31.7505	-91.2177
4.42208	-31.1643	-90.5093
5.69947	-31.8302	-86.993
7.44523	-34.7862	-88.6221
10.9049	-34.7346	-87.0511
13.0689	-31.7569	-87.9948
12.7648	-31.6671	-91.7816
9.7029	-30.4778	-93.6921
6.87399	-31.3045	-96.0909
6.09821	-34.1637	-98.4705
6.68583	-35.0893	-102.109
4.08043	-35.1286	-104.875
0.969663	-34.1325	-102.933
-1.03819	-35.6574	-105.776
-3.02397	-33.0744	-107.732
-2.81789	-29.5765	-106.261
-6.11613	-30.3817	-107.968
-6.83158	-33.0075	-110.62
-8.84376	-31.8094	-113.613
-8.29434	-32.7273	-117.259
-6.90581	-34.9624	-120.001
-6.45446	-35.7535	-123.69
-8.07849	-38.4715	-125.791
-9.93323	-39.1637	-129.035
-11.5919	-35.8299	-129.793
-14.6409	-36.9507	-127.821
-13.7317	-38.5473	-124.495
-13.8472	-42.0449	-125.976
-13.5973	-42.3012	-122.193
-14.3115	-40.8553	-118.752
-17.1453	-38.3272	-118.618
-18.5973	-40.4847	-115.848
-22.3666	-40.9633	-115.794
-25.3924	-42.4879	-117.514
-28.9226	-43.1008	-118.78
-28.584	-40.4817	-121.512
-29.0295	-40.6339	-125.283
-30.3278	-40.5761	-128.854
-31.0078	-42.1216	-132.258
-28.3938	-43.2054	-134.794
-26.3567	-42.6392	-131.637
-22.9967	-44.2925	-130.991
-24.6311	-47.5905	-130.047
-21.5646	-49.5843	-131.077
-21.8409	-52.9589	-132.802
-24.6766	-52.6552	-135.314
-25.8471	-55.9998	-133.941
-29.3811	-55.3854	-135.195
-31.2552	-52.6958	-137.117
-30.6826	-54.1496	-140.581
-28.6838	-57.3172	-139.94
-29.3334	-58.5115	-143.489
-29.8238	-61.1305	-146.198
-33.1397	-61.4328	-144.367
-35.5122	-62.2352	-141.509
-34.4869	-65.8207	-140.779
-33.2576	-64.4523	-137.454
-32.867	-65.6097	-133.856
-30.1489	-67.1948	-131.725
-32.1354	-69.4811	-129.43
-32.1562	-73.2738	-129.664
-32.0713	-73.0867	-133.458
-29.2192	-74.1915	-135.713
-28.2819	-74.2088	-139.396
-25.7276	-75.5099	-141.89
-25.5814	-78.1352	-144.634
-28.4025	-78.4219	-142.104
-31.2352	-78.6891	-139.585
-33.6569	-81.5641	-140.142
-34.7947	-78.7891	-142.475
-38.3335	-79.0115	-141.109
-38.8028	-82.4701	-139.606
-39.9463	-82.2675	-135.988
-41.9199	-83.9559	-133.214
-40.3331	-87.3803	-133.656
-37.9999	-89.0124	-131.139
-39.1019	-86.9391	-128.152
-41.1965	-89.7597	-126.703
-44.8039	-89.1752	-125.662
-45.2974	-87.1687	-122.473
-48.0934	-84.6183	-122.816
-50.0667	-86.9015	-125.125
-52.5104	-88.63	-127.466
-53.4027	-91.247	-130.073
-56.9128	-91.4061	-131.52
-59.3772	-88.5816	-132.143
-63.1595	-88.6443	-132.504
-64.348	-89.3849	-136.036
-64.9611	-91.4815	-139.146
-64.525	-92.7655	-142.696
-62.9799	-96.2162	-142.314
-66.0211	-98.4945	-142.306
-68.6299	-96.0686	-143.628
-71.6054	-98.081	-144.868
-73.1305	-101.027	-143.014
-73.8867	-102.402	-139.554
-70.6019	-102.215	-137.652
-70.4272	-100.99	-134.06
-69.5213	-102.419	-130.657
-68.6081	-105.723	-129.019
-67.5891	-109.135	-127.691
-66.1623	-111.878	-129.901
-67.8729	-113.518	-132.871
-69.7833	-115.597	-135.415
-71.4656	-117.968	-132.968
-72.5971	-120.027	-135.955
-70.5402	-123.099	-136.834
-67.0528	-123.231	-135.331
-65.9214	-124.8	-132.06
-62.6779	-123.195	-130.9
-60.051	-122.456	-128.255
-56.3984	-122.837	-127.279
-56.4611	-126.618	-127.654
-56.9467	-128.234	-131.059
-59.1822	-131.307	-131.038
-61.6552	-134.182	-130.795
-62.4217	-137.7	-129.581
-61.3956	-141.355	-129.418
-61.4599	-145.144	-129.134
-61.2958	-148.877	-128.441
-62.7002	-151.881	-126.587
-61.6019	-154.057	-123.671
-64.5321	-155.076	-121.477
-64.9484	-155.902	-117.791
-65.9268	-152.471	-116.485
-69.4305	-151.077	-116.015
-68.7235	-150.377	-112.348
-70.0609	-149.39	-108.93
-70.197	-149.356	-105.133
-72.606	-149.654	-102.209
-74.3887	-149.049	-98.9083
-76.3089	-148.363	-95.7017
-78.4538	-147.428	-98.6956
-80.4163	-145.923	-101.581
-82.5467	-148.416	-103.501
-83.663	-147.114	-106.892
-87.4137	-147.656	-106.611
-89.3883	-144.464	-106.019
-90.5758	-141.47	-108.035
-90.8671	-137.682	-108.069
-88.5394	-135.139	-106.469
-85.4404	-136.103	-104.492
-82.4009	-136.14	-102.212
-78.8224	-136.39	-103.466
-77.0579	-134.376	-100.769
-76.7781	-130.664	-100.007
-77.5587	-129.96	-96.3551
-79.4936	-127.26	-94.5089
-82.9022	-127.607	-92.8654
-85.3205	-126.535	-90.1375
-84.1587	-130.145	-89.8965
-81.3363	-130.749	-87.4248
-77.8342	-131.219	-86.0267
-75.3953	-128.535	-84.8914
-73.4556	-129.334	-81.7231
-74.8309	-130.457	-78.3635
-77.9174	-132.583	-78.9917
-80.8991	-134.938	-78.9256
-81.6571	-138.088	-80.9111
-78.7181	-136.352	-82.5807
-78.513	-137.77	-86.1004
-76.2795	-135.251	-87.8635
-74.2923	-137.836	-89.8157


0	0	0
0	0	3.8
-1.77361	-1.36461	6.87118
-1.50923	-5.13723	7.24187
-5.158	-4.36053	7.96522
-8.77774	-5.49641	7.74795
-8.13742	-7.87356	10.6426
-5.97374	-8.69114	7.62767
-2.34104	-9.5163	6.87756
-0.282184	-9.51503	3.68365
2.8783	-11.611	3.92454
2.81883	-12.9167	7.4927
1.77983	-13.061	11.1451
5.10909	-14.8494	10.748
7.64527	-12.4893	9.18667
8.2623	-16.2351	9.01824
10.1549	-16.2072	12.3133
13.7896	-17.1035	12.9654
14.4397	-13.7325	14.5945
12.6834	-14.0688	17.9475
10.1316	-11.4371	16.9463
10.6008	-11.4894	20.7169
12.3951	-9.1528	23.117
15.9996	-9.00754	24.3114
19.441	-10.5395	23.8117
20.3864	-11.6973	27.3054
22.1255	-14.943	28.2438
22.0694	-18.7369	28.452
25.0196	-19.959	26.3922
27.5323	-17.4827	27.8045
30.9931	-16.127	28.5949
29.3033	-13.5293	30.7941
28.0824	-13.7491	34.3859
26.9658	-10.8165	36.5292
27.2243	-9.80008	40.1816
30.9893	-9.8538	40.6932
34.6602	-9.47505	41.5993
37.8205	-8.95442	43.6442
38.7802	-9.3845	47.2958
41.7792	-10.1617	49.4961
42.9905	-13.3347	47.7916
46.1806	-13.7326	45.7655
46.763	-10.3246	47.3423
48.5847	-7.73025	45.2469
46.9173	-6.94683	41.9233
49.1995	-5.16151	39.4648
50.331	-8.1801	37.4529
53.3962	-9.4378	35.5921
54.3782	-7.15621	32.7163
55.0658	-3.5608	31.6964
56.7642	-0.716224	29.8352
57.0104	0.0682664	33.5452
60.3396	0.64191	35.2851
62.183	-1.89202	33.1354
63.9253	0.821942	31.1258
61.8052	3.90686	30.4712
63.974	6.58089	32.0793
64.7926	9.35285	29.6123
66.4256	12.1802	27.6683
65.5044	15.241	29.7233
63.317	18.3394	29.488
61.5414	21.1213	27.6044
58.387	23.2318	27.7932
58.7027	24.6712	31.2958
56.5781	21.5732	30.7228
55.3972	20.4226	34.1465
55.9118	17.7207	36.7685
53.4301	15.8734	38.9751
51.8464	14.859	42.277
48.4185	13.802	41.0229
48.4638	12.1324	44.4361
48.4504	12.3849	48.2277
48.4623	11.1528	51.8224
50.1229	13.7679	54.0232
51.1142	15.5728	57.2169
50.1759	19.056	56.0223
48.8844	22.1301	54.1998
46.2955	22.3985	56.9684
49.0027	21.8394	59.5758
48.2202	25.5508	59.3462
45.2271	23.657	60.7226
44.0235	20.2245	61.8221
41.9345	17.6408	59.978
38.8402	18.5103	57.951
35.9068	20.4085	59.4449
32.7006	19.9371	61.4294
29.7707	20.9194	63.6408
29.3169	23.3471	60.7529
28.1542	21.8689	57.4509
28.6183	18.8237	55.2258
29.3944	16.8945	52.0453
32.2095	17.7261	49.632
35.2295	15.9103	48.21
38.1758	16.5629	45.9005
39.7138	18.5376	43.0413
41.2162	21.9817	43.608
43.5221	21.7656	40.5953
46.447	23.1379	38.5949
45.8368	26.8114	37.8376
42.542	25.2214	36.8097
41.7874	23.851	33.3467
42.2296	22.3011	29.9054
38.538	23.0974	29.4832
37.2445	22.6865	25.9339
38.9335	24.9592	23.3997
37.3405	27.7951	21.435
37.8975	27.1179	17.7375
38.0835	25.5906	14.2629
36.4982	25.8876	10.8222
38.9424	28.6316	9.85436
39.6782	32.1304	11.1415
37.9281	35.4922	10.8665
34.6226	34.7536	9.14352
34.7537	32.6825	5.96021
35.2002	36.1464	4.46297
32.5177	38.7443	3.75907
30.2031	41.0317	1.79678
28.665	43.9971	3.60795
26.4734	42.1911	6.13288
26.8264	41.0316	9.7344
27.4096	44.4033	11.3872
24.0071	44.672	13.0576
21.6497	44.2573	10.1061
21.9095	46.6896	7.19815
22.063	48.5366	3.88076
22.6492	48.8703	0.141103
21.7848	52.5405	0.612918
19.7374	52.9827	-2.55764
17.0964	55.6592	-2.00865
14.4498	54.8228	-4.60405
14.094	58.4876	-5.54362
14.5499	60.6351	-2.44193
13.0414	58.8317	0.543396
9.48501	57.5526	0.148284
8.6993	53.8349	0.115779
9.05632	52.0833	-3.2375
11.2446	49.9646	-0.965323
14.5128	50.3228	-2.8707
14.474	51.4538	-6.49827
14.1226	47.799	-7.47749
16.8869	46.2435	-9.57003
14.6678	44.8312	-12.3125
15.7946	41.4383	-13.6004
18.3507	42.8581	-16.0274
19.8715	40.9871	-18.9645
21.954	39.5834	-21.8163
20.0118	42.7482	-22.624
22.82	44.9845	-23.8702
25.0227	48.0768	-23.7099
27.468	48.7842	-20.8885
26.6579	51.0102	-17.9172
27.3624	53.2899	-14.9597
26.5695	56.7796	-16.2377
24.7569	56.8098	-12.898
26.5222	60.0813	-12.1101
29.4063	62.1914	-10.8181
28.4716	65.5573	-12.3138
25.8923	67.9545	-13.7422
22.5107	69.6786	-13.5627
23.5151	73.343	-13.6178
25.8343	76.3018	-13.0638
29.5444	75.4826	-12.9987
28.8591	76.8045	-16.4948
28.8501	80.6025	-16.6175
29.8693	83.8453	-18.3163
32.9383	86.0457	-17.8935
36.0215	86.1734	-15.6758
39.6925	85.6557	-14.8418
42.4492	86.45	-17.3337
43.6804	90.0306	-17.6562
46.5729	90.2576	-15.2022
45.0956	92.6306	-12.628
46.905	89.8682	-10.7479
50.0714	89.8176	-12.8482
51.5667	86.6939	-11.2841
50.5025	85.8565	-14.8347
50.1047	86.8448	-18.4823
46.9498	86.299	-20.529
45.1117	89.5358	-21.2938
47.9847	90.9273	-23.3552
50.5572	93.6094	-22.5624
52.5491	96.6217	-23.7449
56.011	97.6023	-24.9673
57.3419	99.524	-21.9713
54.5113	99.7899	-19.45
53.4769	103.367	-18.691
55.8232	105.281	-16.3953
56.4553	106.554	-12.8712
60.169	106.977	-13.5564
59.5165	109.84	-11.1437
58.2446	107.393	-8.52924
55.9768	105.554	-6.09721
54.4293	102.2	-6.99037
57.1222	99.5493	-7.3928
58.8386	96.1809	-7.00874
61.0052	93.4465	-8.51512
61.8758	90.5153	-6.25896
61.5789	88.6736	-9.56953
61.6761	85.1302	-8.20015
58.6001	82.9254	-8.54184
55.5153	81.3474	-10.1018
51.9668	80.2318	-10.8789
50.4139	76.8405	-11.6055
53.1193	74.4917	-10.3391
55.5363	73.0159	-7.80531
57.9026	71.5241	-5.23335
55.5251	71.8241	-2.28423
56.8779	68.9933	-0.140359
59.4205	66.3082	0.734638
62.0983	67.3222	3.23299
62.3079	66.1086	6.8279
61.922	62.3283	6.8158
62.0776	63.7486	10.3369
61.2035	67.2295	11.5859
62.5268	70.6763	12.4847
63.4755	74.1102	11.1622
67.0814	75.2151	10.6974
66.731	78.078	8.22336
66.8536	81.3926	10.0776
65.2859	84.4058	8.37382
66.9364	87.8109	8.72171
65.6658	89.7567	5.7151
66.8809	91.7819	2.73815
65.7146	89.3169	0.0917491
67.156	91.8632	-2.33285
66.0938	92.0453	-5.97682
69.1308	93.8465	-7.38134
71.9478	96.0418	-6.08344
75.1167	96.6986	-8.07507
78.4165	95.7556	-6.44338
78.6494	92.1551	-5.25086
80.6667	89.9652	-7.61205
79.3411	91.5266	-10.8128
82.3738	93.2677	-9.32561
84.9058	93.6546	-6.51865
83.7316	93.575	-2.90551
83.7794	93.0213	0.853617
86.2126	95.7044	2.00277
88.5108	94.4826	4.77141
91.3154	96.9399	5.50331
92.6865	97.3016	9.02885
92.4491	98.9774	12.4311
93.323	102.534	11.4191
90.0422	101.802	9.64721
89.0972	100.328	6.27461
86.3226	102.893	5.87591
82.5948	103.035	5.15216
80.4332	106.15	4.90843
81.0688	108.141	8.08228
84.4942	108.524	9.68224
88.0158	107.12	9.42641
88.2172	110.728	10.6003
85.9439	113.166	8.77539
87.7646	116.296	7.62396
85.7992	118.182	10.274
83.6849	116.848	7.41169
80.5428	115.022	6.30194
77.0393	115.229	4.84488
74.8753	116.542	2.01078
71.376	116.723	3.48114
71.4	119.127	0.538559
73.0808	122.185	-0.967018
75.2609	122.476	-4.06575
73.8437	125.947	-4.68842
75.3558	125.331	-8.11988
73.4333	127.71	-10.3747
74.5381	128.558	-13.9102
77.8699	129.987	-15.0495
80.6793	131.96	-13.4196
79.42	133.935	-10.4276
76.496	133.78	-8.00554
78.1844	131.344	-5.6274
76.8301	128.918	-3.03457
77.3929	128.105	0.634505
74.0063	126.651	-0.290606
72.1073	125.954	2.92617
73.125	128.14	5.86315
74.2919	131.664	6.67182
75.005	134.738	8.78973
77.5903	136.214	6.42789
77.3498	133.887	3.43277
79.9481	136.659	3.36574
81.3393	140.155	3.90154
82.1988	143.84	3.55569
83.38	146.098	6.37487
86.6766	145.499	8.16776
87.9554	147.305	11.2574
85.0272	146.975	13.6568
81.2959	147.423	13.0947
79.6149	144.016	12.9918
77.0637	142.736	15.4999
74.7813	143.325	12.5194
71.7411	144.767	14.2851
69.8062	141.533	14.772
67.9203	138.242	14.5377
65.3827	140.559	16.16
66.2389	144.181	16.9267
66.7264	147.847	16.0516
63.6979	149.463	14.4216
60.655	151.471	15.4926
59.8578	147.81	16.1247
61.6546	149.814	18.8069


0	0	0
0	0	3.8
-3.16065	-1.32074	5.44497
-6.47845	0.138498	6.58638
-9.17944	1.19774	9.04049
-12.9159	1.88908	9.01546
-16.3484	1.13264	10.4598
-17.9998	2.33352	7.25502
-20.5367	4.54071	9.025
-21.1214	6.78512	6.0149
-24.1004	8.24615	7.86725
-22.1511	10.9531	6.04718
-23.3542	13.5234	3.52009
-21.5242	15.8459	1.1333
-21.1252	18.0708	-1.92129
-23.0728	20.9938	-3.3716
-25.8754	22.1929	-5.64035
-24.7204	21.7808	-9.23703
-23.5894	22.7003	-12.7463
-21.6607	19.4461	-13.1069
-19.1995	17.8598	-15.529
-20.4247	15.0841	-17.8168
-23.305	14.3408	-15.4521
-22.0923	15.3868	-12.0061
-22.8917	17.702	-9.10079
-19.5112	18.8296	-7.78157
-16.5477	16.8254	-6.50064
-16.6518	17.0487	-2.70864
-15.2278	16.9819	0.813843
-16.2625	14.498	3.49708
-12.8828	12.7608	3.50339
-11.213	9.97922	1.52489
-11.6692	6.24762	2.07904
-12.061	2.80705	0.514129
-11.5632	3.27718	-3.22367
-14.2662	4.28931	-5.69538
-15.4142	2.01499	-2.87586
-14.4025	-1.64677	-2.9651
-12.6033	-3.91152	-5.42968
-13.8914	-7.47628	-5.15896
-16.2552	-9.39087	-2.88147
-13.8099	-12.0153	-4.13562
-10.3718	-13.5653	-3.66912
-11.2591	-16.7071	-1.72449
-9.87353	-19.0009	0.969646
-13.0958	-19.6776	2.86671
-16.4609	-19.4589	4.61849
-16.9477	-22.8633	6.23487
-20.6738	-22.1864	6.54719
-24.438	-22.2285	6.02866
-28.1613	-21.4968	6.23314
-26.2812	-19.0215	8.41902
-26.5355	-18.5323	12.1788
-25.1957	-18.4256	15.7332
-27.6273	-18.7993	18.6294
-26.1043	-20.6905	21.5523
-25.5313	-22.6253	24.7723
-29.2133	-22.4355	23.852
-27.818	-19.3385	25.5553
-27.3209	-15.9469	27.1954
-27.7142	-12.6716	29.0817
-27.8115	-9.66178	31.3993
-31.0846	-10.3017	33.2206
-34.6219	-9.59871	34.418
-38.2615	-10.6858	34.5262
-40.2089	-12.0236	37.5023
-39.0938	-10.7692	40.9115
-37.3372	-14.1135	40.4997
-34.5102	-15.5512	42.5929
-34.9279	-18.4448	45.0203
-35.8619	-21.6676	43.2367
-38.9927	-22.4268	45.252
-42.5812	-21.3474	45.883
-41.9342	-19.8547	49.3171
-38.1454	-19.7245	49.0574
-34.3457	-19.7679	49.0267
-31.9145	-21.7261	51.1934
-30.6867	-22.6918	47.7294
-27.9353	-23.7113	50.144
-28.1443	-27.3746	49.1562
-28.5923	-30.6236	51.0754
-27.0563	-30.4646	54.5475
-28.6683	-33.8231	55.2972
-26.7158	-33.251	58.5067
-24.9843	-35.7746	56.2543
-22.2511	-34.3984	58.5071
-19.6579	-33.2757	61.0477
-18.9099	-29.5676	60.6859
-15.8786	-31.7933	60.1404
-15.6075	-35.3185	61.533
-12.5308	-33.2431	62.3493
-11.8753	-30.201	60.1686
-13.2728	-26.7017	60.6609
-11.0766	-26.7419	57.5601
-7.81424	-27.8216	55.9381
-5.50251	-24.9001	56.6867
-1.76879	-24.5397	56.0788
0.424529	-25.3014	59.087
-3.16153	-24.7589	60.221
-4.05267	-21.6326	58.2532
-4.07302	-19.1496	55.3767
-3.94867	-16.4297	52.7259
-2.82383	-16.132	49.1084
0.452892	-14.3421	49.8149
2.62404	-15.9488	52.4878
5.23979	-13.9682	54.4047
7.56892	-16.0616	56.5571
10.6892	-17.8524	57.7805
10.3578	-16.7312	61.3962
12.5613	-19.6153	62.5215
15.124	-18.3222	60.0314
15.8426	-17.2024	56.472
18.9591	-15.3009	57.5264
20.0433	-12.5654	55.1218
19.1291	-11.0601	58.4891
17.4747	-7.7453	59.3345
16.9173	-6.61329	62.9189
19.883	-7.34115	65.1805
21.9995	-4.50542	63.7952
21.9779	-0.714802	63.5292
23.3365	0.977476	60.4099
26.4651	-0.0604452	58.5193
29.3169	0.80305	56.161
32.0006	-1.85674	56.565
33.1626	-5.15891	55.0868
35.5705	-7.35763	57.0382
32.5193	-8.62537	58.9151
29.1742	-7.8641	60.5496
30.8255	-9.437	63.5892
32.4864	-12.7527	62.7604
34.9693	-14.6238	64.9454
35.6687	-17.5847	67.2222
32.5765	-16.3531	69.0556
29.3189	-14.6381	69.9973
26.2992	-15.1723	72.2414
25.6381	-12.0527	74.3081
22.0232	-11.1699	75.0781
22.7915	-11.9419	78.7187
21.9718	-15.5684	77.9332
24.9979	-14.7891	80.0954
25.4852	-14.7526	83.8639
23.1551	-17.7167	83.3901
23.2329	-17.8764	87.186
22.6239	-18.245	90.9187
24.6764	-20.8771	92.7352
21.7063	-21.9419	94.853
18.4503	-23.2789	96.285
15.2041	-22.2862	97.9928
12.986	-24.0298	95.4472
11.8754	-25.2388	92.0201
11.9669	-25.7956	88.2623
9.52549	-28.1575	86.5591
6.03036	-29.0177	85.3409
3.73483	-26.171	84.3081
1.16841	-25.8719	87.0945
3.56326	-28.1967	88.911
3.41816	-30.8217	91.6548
5.28152	-33.9783	90.6528
3.63043	-37.1718	91.8839
1.33	-38.7654	89.3132
2.74106	-42.2241	88.6157
-0.0740789	-42.4034	91.1618
-3.06655	-42.5336	93.5003
-3.87525	-41.6002	97.094
-0.267169	-41.0045	96.0611
2.03754	-43.9603	95.4352
0.884857	-47.3743	96.6418
4.54546	-48.1697	97.28
7.8604	-47.8759	99.1144
11.6131	-48.1261	99.6574
13.7228	-45.4094	98.0422
11.4886	-42.4396	98.835
13.5023	-43.5302	101.867
12.629	-39.8593	101.418
9.43414	-39.4412	103.433
7.83288	-38.6771	106.793
10.6941	-36.2957	106.03
10.2205	-32.989	104.219
7.51914	-30.8669	102.594
4.08815	-32.4419	103.027
0.480456	-32.8444	104.151
-0.940946	-33.3888	107.633
-4.61118	-32.432	107.865
-7.01353	-29.7005	106.766
-9.11949	-28.6633	109.754
-11.4211	-31.6592	110.163
-14.943	-30.4406	109.421
-16.8865	-33.6165	110.18
-17.0465	-36.1185	113.036
-20.0007	-34.7422	114.99
-22.1205	-34.8286	111.837
-25.4201	-33.5309	110.47
-29.0916	-34.3911	110.939
-31.5944	-33.5004	113.656
-30.3805	-33.4451	117.256
-31.6778	-33.3032	120.825
-34.0711	-30.8625	119.165
-35.5285	-30.3912	115.688
-37.312	-27.6376	113.77
-37.8531	-29.5137	110.51
-40.774	-29.154	108.107
-38.8265	-28.839	104.859
-37.3969	-26.3192	102.4
-34.1874	-25.3306	100.622
-35.1326	-27.4193	97.5911
-34.0584	-26.4218	94.0853
-36.7189	-26.2565	91.377
-40.0475	-24.4716	90.9591
-38.8523	-21.1929	92.4629
-41.8543	-22.4303	94.4369
-41.5534	-19.0317	96.1099
-40.4939	-16.0384	94.0225
-40.1583	-12.2567	93.8601
-37.8245	-10.7911	96.4765
-35.4649	-11.7439	99.2987
-33.6041	-11.5041	102.603
-31.0215	-10.3584	100.062
-27.3912	-11.1415	100.867
-24.079	-10.6173	99.0795
-20.3809	-10.843	99.9237
-20.1934	-7.0516	100.097
-18.8515	-8.84506	103.167
-15.2805	-8.40424	104.389
-13.1123	-8.57669	107.505
-10.2367	-10.8236	106.446
-8.99164	-12.5763	109.579
-9.90337	-16.2343	109.101
-11.0829	-17.1437	112.597
-10.8911	-16.9387	116.387
-7.44696	-17.2025	114.803
-5.17839	-16.2979	111.892
-1.70933	-15.6859	110.467
-3.647	-16.0811	107.222
-1.02037	-16.0227	104.477
2.60936	-15.4142	105.422
3.84041	-15.5339	109.016
6.77829	-14.5739	111.226
9.19198	-16.6418	109.144
11.0168	-19.0538	111.444
13.9666	-19.9304	113.673
16.0694	-20.5568	116.776
18.5958	-23.2027	117.804
16.4417	-24.889	120.441
15.936	-27.5368	123.119
12.9212	-29.0285	124.887
9.44967	-30.1794	125.919
9.33491	-33.9559	126.325
13.0423	-34.5064	125.699
13.7211	-37.0284	128.459
16.9258	-37.1112	126.419
16.1854	-40.5085	124.886
19.779	-41.6758	124.482
19.6759	-41.8548	120.687
21.273	-39.2705	118.404
22.7318	-42.3903	116.799
25.1436	-40.5644	114.499
25.8663	-36.8604	114.053
29.5655	-37.0933	114.891
30.9018	-40.5321	113.98
30.9221	-44.0591	115.394
27.7326	-44.1381	117.458
29.0352	-46.8793	119.745
31.8309	-48.6036	117.835
33.9218	-47.6947	120.875
33.5426	-45.6459	124.052
35.9801	-48.1732	125.505
37.877	-50.6357	123.319
39.2057	-52.5445	120.314
42.6011	-53.2009	118.739
41.3491	-49.6593	118.166
39.5176	-46.8705	119.984
38.3937	-44.1168	117.619
39.8468	-43.4042	114.181
43.4061	-43.1366	112.878
45.4803	-40.4863	114.642
45.261	-37.2304	112.695
46.7025	-34.4976	114.907
45.2727	-33.07	118.126
49.0242	-33.6621	117.999
48.3863	-30.573	115.88
49.8276	-29.335	112.589
52.87	-31.5992	112.35
54.0078	-30.651	108.85
50.8343	-32.211	107.459
48.338	-32.6165	104.623
44.7899	-31.5428	105.458
43.5905	-29.4457	108.391
40.6766	-27.0665	108.928
41.1279	-23.5074	110.181
44.516	-23.1418	111.862
46.0064	-19.7254	112.602
43.7461	-17.2508	114.392
42.829	-13.8948	115.921
44.0636	-11.5137	118.613
43.3773	-7.86973	117.782
44.2327	-4.17325	117.992
45.37	-3.0301	114.551
49.065	-2.22517	114.924
51.5522	-0.805902	112.427
53.8504	2.1833	112.899
57.1845	2.60772	114.672
59.6767	5.16451	113.371


0	0	0
0	0	3.8
-0.736147	-0.733839	7.45507
1.00581	1.54811	9.94471
2.04783	-1.56622	11.8565
5.73809	-1.61979	12.7616
6.51742	-0.657989	9.16888
8.69335	-3.12658	7.26851
7.90899	-5.68979	4.57505
5.26241	-4.80923	1.99431
7.11788	-1.94121	0.329457
7.80537	1.58732	-0.902146
10.4181	-0.171966	1.22349
12.2318	-3.50058	1.49016
12.888	-7.21448	1.95524
14.8602	-9.97161	3.67239
11.823	-12.0811	4.54711
12.2138	-15.6569	3.32189
12.547	-19.4205	2.91639
12.4382	-19.147	-0.872196
15.2645	-17.0718	0.592694
17.726	-19.9163	1.13049
18.7436	-21.9447	-1.91753
16.916	-24.4368	-4.12872
17.8722	-26.6646	-7.05495
15.126	-28.2181	-9.17275
11.9863	-30.2001	-9.98134
9.04801	-30.936	-12.2759
10.9024	-32.6578	-15.1108
12.2926	-32.4641	-18.6421
15.9588	-33.4354	-18.8778
15.1563	-30.082	-17.2808
15.8638	-28.6675	-20.7361
18.9783	-26.6614	-19.8903
21.6454	-26.6213	-22.5968
21.1249	-22.9184	-23.2736
19.9189	-20.1614	-25.594
16.7887	-20.892	-27.6208
14.8912	-23.1419	-30.0244
11.4519	-24.6804	-30.5191
11.2682	-21.866	-27.9724
10.145	-21.1161	-24.4205
10.7645	-17.3683	-24.3171
10.6946	-15.097	-27.3628
10.0117	-13.0814	-30.5109
6.27344	-13.2127	-29.8414
3.51954	-11.4014	-31.7322
4.73183	-7.80305	-31.8812
2.26658	-8.03557	-28.9987
-0.706599	-9.29381	-26.9945
-1.60854	-12.9312	-26.3654
-3.38654	-10.2625	-24.3266
-3.47478	-9.384	-20.6306
-5.94338	-8.16105	-18.0133
-8.63533	-9.63635	-15.7734
-12.0289	-9.75607	-14.0678
-12.3162	-13.1141	-12.3125
-14.3824	-13.4288	-9.13891
-11.6233	-14.7015	-6.85687
-13.6412	-17.9169	-7.02793
-17.4029	-17.817	-6.49905
-20.1254	-19.5997	-4.5369
-19.9445	-23.2067	-3.35476
-16.7534	-21.6353	-2.01773
-14.2483	-18.8089	-1.59785
-10.6582	-18.9703	-0.363092
-9.12054	-18.8903	3.11099
-11.3365	-16.0272	1.95664
-10.6005	-15.8911	5.6822
-8.93438	-17.7955	8.51722
-10.69	-19.9236	11.1305
-13.2442	-17.2715	12.07
-14.7455	-14.6777	9.73372
-16.1337	-11.1814	10.2707
-14.4786	-8.35291	8.34711
-15.5587	-4.90184	9.51476
-18.9742	-6.24355	8.52802
-20.8541	-9.47768	9.19619
-24.3547	-10.7743	9.90665
-22.7788	-14.2164	9.57767
-21.0252	-17.1418	11.2532
-23.3141	-20.1382	11.7249
-24.6087	-22.9623	9.53662
-25.8627	-25.414	6.91815
-29.2258	-26.6691	8.16475
-29.2464	-27.284	11.9146
-31.5885	-25.8138	14.521
-34.6355	-23.6357	13.8796
-37.9629	-22.8753	15.5501
-41.179	-21.7388	17.2249
-43.6586	-23.4992	19.5036
-47.0811	-22.2042	20.528
-45.9758	-20.832	17.1612
-48.7202	-18.2927	17.8395
-50.6204	-15.0792	18.5488
-47.7601	-12.5965	18.2406
-43.9783	-12.9557	18.3362
-40.2934	-12.9199	17.4087
-39.0081	-9.75225	15.7493
-37.4347	-6.93806	13.7381
-35.2469	-3.91954	13.0019
-34.7462	-3.67237	16.7606
-34.4321	-7.40033	16.0945
-31.7725	-8.21733	13.5063
-29.4364	-5.68708	15.1128
-27.2279	-3.33906	13.1005
-29.6686	-2.88204	10.224
-28.1516	-4.06492	6.94691
-29.0597	-0.40141	6.5064
-29.3819	1.50143	3.23295
-31.4372	2.694	0.267569
-34.9613	3.8848	1.04372
-34.9761	5.25274	4.58893
-33.8399	8.70971	5.68361
-35.1658	10.3878	8.82464
-38.3776	9.75802	6.89402
-40.4781	12.7145	8.02848
-42.8271	14.9739	9.98232
-46.5543	14.6532	10.6492
-49.1788	13.1352	12.94
-51.1666	10.0075	13.7804
-51.6399	6.61191	15.4193
-49.299	8.31404	17.8816
-47.4849	6.37078	15.1663
-47.3937	8.84131	12.2804
-44.7074	11.2032	10.9978
-42.7306	11.7942	14.1888
-45.1301	14.7294	14.4481
-44.0818	18.3135	15.1516
-46.2461	20.6017	17.2777
-45.4623	24.239	16.506
-41.8048	24.6834	15.576
-39.2811	26.0655	13.0938
-35.5596	25.5122	13.627
-32.9136	23.0381	12.4792
-31.035	22.1915	9.28631
-31.9598	24.3754	6.3172
-34.8686	22.0605	5.52953
-38.0396	21.2584	3.59532
-35.5409	23.0839	1.38989
-33.2797	25.9691	2.39117
-34.5587	29.1543	4.02169
-38.0216	28.0967	5.17482
-41.2316	26.9248	3.51258
-44.1216	24.598	2.69151
-47.329	22.9484	1.49503
-47.8706	25.768	-0.994298
-51.3511	24.4321	-1.73008
-52.9755	24.9695	-5.1231
-50.0745	26.8247	-6.73027
-47.873	29.5382	-8.22343
-51.208	29.8167	-10.0235
-52.5731	33.2686	-10.8361
-55.6231	31.377	-12.085
-56.2564	27.9773	-13.66
-56.9543	24.3248	-12.8772
-58.6502	23.3674	-16.1402
-57.3289	23.0918	-19.6924
-57.3535	26.0232	-22.1104
-58.6587	24.7229	-25.4339
-60.7309	22.3132	-27.5169
-63.2915	20.5234	-25.3536
-64.1097	17.4188	-27.3863
-67.5372	17.674	-25.7655
-68.6938	20.0965	-28.455
-67.2258	18.9644	-31.7721
-68.4902	17.9618	-35.2125
-70.2476	15.4474	-32.97
-70.2055	12.5357	-30.5285
-66.8738	12.9579	-28.7504
-69.2518	13.1164	-25.7907
-68.0496	9.76869	-24.4538
-68.2336	7.88329	-27.7479
-65.6915	5.06664	-27.5377
-66.9724	3.47696	-24.3327
-70.5609	4.14483	-23.276
-72.7901	1.26666	-24.3655
-74.4187	4.55457	-25.3541
-71.7596	6.00507	-27.6487
-73.3595	5.79008	-31.0888
-74.4468	4.21277	-34.3705
-77.4687	2.3001	-33.0862
-80.3282	0.0552126	-34.1925
-80.0853	-3.7367	-34.2416
-82.2954	-5.88714	-32.021
-84.942	-3.30706	-32.9033
-87.303	-1.96917	-35.5634
-89.7133	-4.51763	-34.1019
-89.8082	-5.50151	-30.4327
-91.8471	-2.33324	-30.9276
-93.5543	-4.54014	-33.5073
-95.6195	-2.75046	-36.1478
-97.0188	-0.990109	-39.211
-99.9344	0.139126	-41.3706
-101.902	-3.06803	-40.839
-100.175	-6.442	-40.5664
-101.183	-7.42833	-44.0951
-103.72	-10.2203	-43.64
-101.458	-10.5395	-40.6038
-99.8791	-13.3124	-38.54
-98.7575	-16.8635	-39.2961
-95.2477	-17.8793	-38.2523
-95.8372	-17.6546	-41.9996
-97.9475	-17.0682	-45.1049
-101.127	-18.5499	-46.5669
-100.743	-17.5019	-50.1994
-99.862	-15.8357	-53.499
-98.647	-14.6139	-56.8859
-99.0726	-13.1401	-60.3625
-102.564	-11.641	-60.4138
-103.15	-10.917	-56.7298
-102.008	-9.43658	-53.4219
-102.547	-5.97293	-51.9549
-99.4957	-6.40798	-54.1776
-99.5522	-2.80515	-55.3845
-101.753	-1.74746	-58.2962
-104.057	-4.48061	-57.0082
-107.048	-6.18395	-55.3977
-109.038	-5.95174	-58.6268
-112.144	-8.11431	-58.9686
-115.718	-6.90784	-59.4256
-116.507	-10.3936	-58.1343
-119.249	-9.94477	-55.5423
-121.41	-11.9905	-53.1787
-121.13	-13.5993	-49.7475
-123.863	-16.0982	-48.8969
-122.032	-19.4248	-48.7503
-118.699	-17.5998	-48.7448
-118.625	-20.5596	-46.3627
-120.476	-19.771	-43.1388
-120.7	-23.4365	-42.1621
-120.523	-23.5113	-38.367
-122.607	-25.9954	-36.3853
-119.179	-25.3031	-34.898
-120.537	-25.1352	-31.3528
-118.295	-28.0964	-32.1575
-120.489	-31.1655	-31.7009
-117.675	-31.4677	-34.2362
-118.122	-34.3807	-36.635
-118.293	-37.7398	-34.8666
-114.874	-39.3894	-34.6902
-114.381	-39.3624	-38.4579
-116.769	-42.3104	-38.6691
-115.51	-45.1266	-40.8876
-114.351	-42.0682	-42.8227
-113.396	-39.8463	-45.7537
-115.678	-39.4019	-48.7601
-117.501	-42.714	-48.3806
-120.887	-41.5499	-49.6532
-124.527	-42.3602	-48.923
-125.396	-38.8746	-47.6835
-128.06	-37.6595	-50.106
-128.057	-33.8609	-50.0004
-128.052	-35.7229	-46.6879
-128.199	-32.9255	-44.1203
-128.651	-35.0356	-40.9925
-132.033	-36.0883	-39.6168
-134.082	-37.4636	-42.5067
-137.034	-37.9046	-40.1542
-139.11	-37.4743	-37.0009
-140.17	-37.3886	-33.3526
-140.624	-33.9094	-34.8117
-138.086	-31.8978	-36.8009
-138.671	-28.534	-38.4692
-136.532	-26.2061	-40.578
-135.711	-22.6851	-41.7476
-132.873	-22.2284	-44.233
-133.069	-18.7234	-45.6876
-130.255	-16.3041	-44.8728
-131.841	-14.4046	-41.9892
-129.932	-16.2385	-39.2634
-129.511	-16.1606	-35.4875
-126.074	-15.4058	-34.0552
-126.298	-12.4828	-31.6374
-129.388	-12.4785	-29.4268
-132.699	-14.0308	-30.4603
-132.029	-14.043	-26.7199
-135.454	-12.9539	-27.9523
-137.505	-10.8267	-25.5626
-134.762	-8.57643	-24.2018
-132.467	-10.2958	-21.708
-130.487	-7.07463	-21.3325
-132.293	-3.76914	-21.8348
-135.699	-5.15558	-22.7893
-139.163	-6.65972	-22.3638
-142.623	-7.12357	-20.863
-146.27	-7.20732	-19.7983
-148.386	-4.31986	-21.0729
-151.579	-2.29398	-20.7
-155.341	-2.80027	-20.5193
-158.622	-1.0439	-21.2859
-161.656	-2.83527	-22.7108
-164.571	-0.48217	-22.0759
-167.429	0.153308	-24.4991
-170.461	-0.0105482	-22.2144
-168.922	-0.66958	-18.8029
-170.718	1.92187	-16.6822
-173.539	3.6778	-14.8379
-176.496	2.20988	-12.9567
-178.443	-0.56795	-14.6694
-176.446	-3.7468	-14.0785
-178.502	-6.43594	-12.3513


0	0	0
0	0	3.8
1.08768	0.725706	7.36796
2.1534	-2.66043	6.01211
1.19313	-5.74094	8.01918
3.16957	-7.51881	10.7345
1.66489	-5.74271	13.738
1.52984	-4.86275	17.4323
-1.47118	-4.28955	19.6918
0.387498	-4.20853	23.0052
3.55411	-2.11243	23.1427
7.08655	-0.872362	22.4914
8.88125	-1.07651	19.1482
8.89111	2.30508	17.4148
6.5831	4.36859	19.6182
3.37249	6.39381	19.4437
0.190532	4.35468	19.84
-3.01077	2.30734	19.849
-5.24432	5.37476	20.0542
-7.87776	7.38169	18.1895
-10.0422	8.52663	21.0954
-13.6591	8.80562	22.227
-11.6689	5.70577	23.1598
-13.363	3.65348	20.4472
-13.8232	2.05386	17.0312
-14.1404	-1.13209	14.9844
-16.7348	-1.54259	12.2384
-18.763	1.21306	10.5853
-20.934	3.79521	8.83622
-24.0251	5.49039	10.2546
-27.0434	6.37854	8.1237
-29.7339	5.94992	10.7728
-33.2509	6.32299	9.38298
-35.0826	4.59718	6.53585
-35.199	4.33564	2.74665
-35.2925	7.89551	4.07276
-36.4764	11.1834	5.56536
-37.5137	12.571	2.18325
-39.3183	14.0258	-0.827913
-43.0867	14.0905	-0.343213
-41.6817	11.8804	-3.09659
-40.5045	11.5049	-6.6901
-42.7904	10.3315	-9.48975
-42.6517	12.4466	-12.6437
-45.9685	13.6585	-11.2401
-46.4812	11.2357	-14.1224
-45.5222	13.613	-16.9275
-43.8371	11.0298	-19.1474
-43.5006	7.54638	-17.6666
-41.5357	4.83169	-19.4581
-38.949	7.53879	-18.8095
-37.2502	8.22546	-22.1386
-35.4443	10.7051	-24.3814
-38.1991	9.85628	-26.8574
-35.4716	7.30292	-26.1639
-35.4553	3.50922	-25.9459
-38.9886	2.21406	-26.4738
-42.676	2.58064	-25.632
-46.4394	3.07989	-25.797
-49.1743	4.01854	-23.3313
-50.5097	0.672074	-22.1239
-53.5198	-1.55713	-22.7641
-55.0012	-1.45051	-26.2619
-56.6252	-1.79176	-29.6804
-59.3803	-3.99018	-31.1003
-61.572	-6.68881	-32.6345
-63.9779	-9.45099	-33.6456
-67.3541	-8.41243	-35.0466
-68.8062	-6.16141	-37.7419
-66.9951	-2.98455	-36.7085
-69.0075	0.230269	-36.9438
-68.341	1.83735	-33.5655
-65.3095	3.09857	-35.4783
-64.5683	1.13445	-38.6458
-64.978	3.81247	-41.3105
-63.0653	6.33937	-43.4072
-59.8093	8.29867	-43.4103
-58.7972	9.70651	-46.7916
-58.0423	7.7715	-49.9738
-57.1063	6.2016	-53.3053
-55.7278	8.77192	-55.7411
-52.4328	7.53243	-57.1718
-51.5968	9.55228	-60.2801
-51.9876	13.0721	-58.9022
-54.241	15.8348	-60.2172
-53.7412	18.7269	-62.631
-53.4959	15.8957	-65.1537
-55.1793	13.1384	-63.1528
-58.6124	13.2039	-61.5248
-60.2723	10.6054	-63.7457
-63.0761	8.4715	-62.3225
-63.574	4.95082	-60.982
-67.2918	4.90147	-60.1973
-70.6116	3.14952	-59.606
-72.6153	6.21928	-58.6053
-75.8656	8.01715	-59.4072
-75.0244	9.1208	-62.9448
-78.7115	8.32388	-63.4029
-80.0993	7.74987	-66.8936
-82.9847	10.174	-66.4057
-82.7953	9.66776	-62.6444
-84.6104	12.2219	-60.4945
-82.8532	15.3922	-59.3537
-84.6139	16.7209	-56.2594
-86.8217	15.537	-53.4022
-90.0968	14.141	-54.7307
-91.4563	13.5342	-58.2269
-93.9744	11.1302	-59.7501
-92.8936	7.51852	-59.2733
-93.9203	7.53562	-55.6147
-97.1606	6.46839	-57.2885
-96.9719	3.40085	-59.5234
-100.602	2.28859	-59.3562
-103.099	0.621482	-61.6852
-100.76	-2.10048	-62.9343
-101.164	-0.570401	-66.3891
-104.241	-2.1051	-68.0064
-105.554	-2.0612	-71.5723
-104.084	-2.52063	-75.0464
-104.351	-1.51641	-78.7015
-101.951	-0.932649	-81.5888
-102.482	2.62861	-82.8034
-106.113	2.96604	-83.8718
-109.759	3.48843	-84.807
-108.36	6.49917	-82.958
-110.319	8.14536	-80.1489
-113.08	5.62363	-80.8259
-115.382	4.25094	-78.1322
-115	0.820414	-76.5429
-115.068	2.74415	-73.2665
-115.529	2.54214	-69.5001
-114.315	3.93676	-66.1804
-117.035	6.30129	-64.9773
-119.012	6.23342	-61.7322
-122.082	6.60749	-59.5245
-124.942	8.73596	-58.2103
-125.883	12.4137	-58.0414
-127.226	14.1215	-54.9234
-123.426	14.0627	-54.8867
-120.553	11.9094	-53.6419
-116.767	12.0536	-53.3475
-114.398	13.4586	-50.7303
-112.505	15.6033	-48.2288
-113.679	15.4489	-44.6182
-114.189	16.0583	-40.9022
-117.774	16.1313	-42.1604
-119.46	15.7738	-45.5475
-116.374	17.7717	-46.5103
-115.91	20.1472	-49.4398
-114.198	20.7547	-52.7772
-113.891	19.8855	-56.4637
-111.932	23.1135	-56.8884
-114.214	25.94	-55.7745
-110.608	26.5511	-54.7434
-111.918	29.1055	-52.2539
-114.117	31.7636	-53.8472
-117.852	32.1353	-53.2529
-116.332	35.4508	-52.1871
-113.203	36.0576	-50.1178
-115.732	37.7575	-47.8476
-113.852	41.0343	-47.4355
-113.574	43.0284	-44.2127
-116.571	43.6188	-41.9521
-119.057	46.3812	-42.7454
-119.056	49.1306	-45.3685
-122.707	49.5282	-44.3935
-125.75	50.0045	-42.1673
-126.288	53.7662	-42.1659
-126.737	57.4785	-41.4901
-130.393	57.6896	-42.5055
-132.785	60.6162	-42.8973
-134.028	57.3725	-41.3572
-136.26	56.0757	-44.1459
-135.824	53.9337	-47.2543
-132.786	55.2219	-49.1383
-135.816	56.8796	-50.7221
-137.395	60.3253	-50.9954
-140.417	58.6372	-49.4284
-143.934	57.3805	-50.1325
-145.042	54.0343	-51.552
-147.463	52.7585	-54.1885
-146.953	49.3293	-52.6327
-146.752	47.1289	-49.5411
-144.336	44.2245	-49.9515
-141.832	45.4903	-47.3887
-141.591	43.7071	-44.0417
-143.767	40.6117	-43.6908
-143.423	38.6757	-40.439
-143.861	42.437	-40.1209
-146.778	44.862	-39.9043
-150.543	44.368	-39.765
-152.311	47.2826	-38.0859
-156.09	47.2641	-37.681
-159.445	47.2357	-35.8971
-161.793	44.4042	-36.8493
-163.424	41.0045	-36.3777
-166.808	41.8052	-34.846
-169.212	44.5943	-35.7865
-172.053	46.6485	-34.3217
-175.44	45.4349	-33.0989
-175.932	43.0817	-30.1558
-178.619	42.8942	-27.4757
-181.92	42.9509	-25.5954
-185.57	42.2145	-26.3558
-186.258	42.1135	-30.0917
-187.269	39.3877	-32.5387
-187.657	36.912	-29.6821
-191.385	36.6521	-28.9942
-194.401	38.3428	-30.5694
-197.15	37.1124	-28.2512
-196.26	33.4478	-28.7187
-196.753	30.0765	-30.401
-196.276	29.4418	-34.1171
-193.408	28.1083	-36.2232
-192.821	24.3604	-36.0024
-191.797	25.0222	-39.6016
-191.716	22.024	-41.9349
-193.016	19.3692	-44.3225
-195.062	16.6671	-46.0413
-196.252	15.1936	-42.747
-200.012	14.6598	-42.8905
-200.341	11.368	-41.0208
-202.414	8.70127	-39.2804
-199.455	7.31237	-37.3431
-199.495	4.58211	-34.7004
-199.938	3.51578	-31.0801
-197.719	2.04549	-28.3682
-196.058	3.40926	-25.2343
-197.043	6.67353	-23.5567
-197.477	9.47451	-21.0256
-199.262	11.8085	-23.4353
-201.257	12.2554	-26.6382
-203.227	10.0731	-24.2301
-204.342	9.51321	-20.6409
-207.717	9.81497	-18.9199
-205.067	9.08745	-16.2946
-207.208	11.8274	-14.7615
-208.517	15.1047	-16.1702
-207.406	17.3012	-13.2753
-208.076	19.5251	-16.283
-209.79	17.6297	-19.0951
-210.557	17.0893	-22.7776
-206.918	16.3609	-21.9564
-207.747	14.2339	-24.9943
-209.207	13.4603	-28.4165
-210.635	12.4602	-31.7927
-208.616	12.1046	-34.9922
-210.712	11.6005	-38.1217
-210.84	7.80267	-38.1427
-209.526	4.55873	-39.6222
-207.894	3.22554	-42.7848
-208.746	0.0626652	-44.7112
-211.913	-1.62385	-45.9622
-210.783	-5.16149	-46.7675
-208.612	-7.97585	-45.4237
-205.774	-7.06626	-47.7814
-203.421	-4.34461	-49.0035
-206.777	-3.26218	-47.589
-208.669	-1.40984	-50.315
-206.611	-2.35526	-53.3667
-209.363	-1.84126	-55.9367
-211.238	-5.1444	-55.8231
-210.782	-8.27136	-57.9336
-207.458	-8.92954	-56.2145
-209.013	-12.3631	-56.698
-212.784	-12.8221	-56.7593
-214.266	-12.5072	-60.2442
-215.546	-16.0849	-60.2047
-214.589	-18.7358	-57.6556
-212.399	-20.2285	-60.3784
-211.405	-17.9691	-63.2677
-214.522	-18.7647	-65.2916
-216.789	-20.7804	-63.0033
-220.13	-20.7862	-64.8129
-220.138	-21.4967	-61.0799
-223.597	-20.3794	-59.9722
-223.248	-24.1208	-60.538
-221.78	-26.8634	-58.3555
-218.628	-28.9851	-58.3057
-215.436	-29.1408	-60.3606
-213.812	-27.9287	-63.5752
-211.737	-25.6093	-65.756
-214.827	-23.4106	-66.0013
-214.512	-23.8965	-69.757
-216.125	-24.2785	-73.1764
-219.337	-22.8781	-74.648
-221.513	-20.6445	-76.8189
-225.081	-21.9384	-77.0086
-226.479	-23.1849	-80.3152
-228.387	-25.8086	-82.2937
-227.577	-25.1936	-85.9552
-226.45	-25.5136	-89.5701
-227.686	-28.0602	-92.1054
-224.657	-29.9569	-90.8146
-222.586	-30.3021	-93.9822
-221.263	-26.7436	-94.1467
-220.706	-25.9609	-90.4702
-217.138	-24.7269	-90.0358
-213.635	-24.236	-88.6485
-214.234	-27.3758	-86.5937
-211.296	-29.7277	-86.065
-211.298	-27.4255	-89.0882


0	0	0
0	0	3.8
-1.4392	1.89616	6.76197
-4.82614	3.55529	7.22665
-5.29089	6.54801	4.93152
-8.58007	6.76579	3.04105
-9.75886	3.55494	1.38549
-11.4337	4.78319	-1.79671
-10.9338	8.51457	-1.28006
-14.656	7.84451	-1.64892
-17.8006	5.98983	-0.594354
-20.7454	3.63393	-0.127551
-24.2519	3.43301	1.32286
-25.4778	5.30652	4.39324
-27.6465	3.75589	7.10101
-30.4095	2.3579	4.89834
-30.7899	-0.508386	7.36405
-34.1697	-2.16131	7.89775
-37.0132	0.304696	8.42033
-37.965	3.57345	10.1083
-40.4144	3.7815	13.0061
-44.1215	4.41619	12.4633
-46.07	7.64187	11.9748
-49.506	8.2423	10.4672
-48.6901	6.36731	7.26434
-45.9866	3.8553	8.17043
-46.5487	0.181152	7.38002
-44.9248	-1.36988	4.31453
-42.7351	-3.81361	2.39796
-44.7013	-5.2536	-0.517547
-44.1257	-8.55123	1.28084
-44.7612	-11.3688	-1.18848
-46.0907	-12.755	-4.4673
-46.1063	-16.0487	-6.36249
-44.4352	-16.2143	-9.7713
-46.9021	-16.2012	-12.6617
-45.4613	-14.302	-15.6209
-43.8874	-10.8442	-15.7021
-44.6292	-7.17314	-16.3446
-45.0471	-5.2833	-19.6148
-42.502	-3.03585	-21.321
-40.8142	-1.06055	-24.0941
-40.482	-0.291121	-27.8005
-39.879	3.42144	-28.342
-37.7196	5.81324	-26.3279
-35.2259	8.68052	-26.3363
-32.0966	7.58709	-28.1941
-30.06	4.46992	-28.9529
-29.9437	2.27818	-32.055
-27.8132	-0.474297	-33.5797
-24.6736	-2.12289	-34.9455
-21.8316	-4.46689	-35.8774
-18.8509	-6.68623	-36.6712
-19.9864	-9.55135	-34.4482
-21.1486	-9.99223	-30.8573
-24.4501	-11.8685	-30.9983
-25.5186	-13.9026	-27.9716
-27.7176	-11.4632	-26.0602
-26.3996	-14.4862	-24.1724
-23.2942	-15.6534	-22.3192
-22.4155	-18.9549	-23.9829
-23.7029	-21.4292	-21.4022
-21.7921	-24.4376	-22.7208
-22.3744	-26.4361	-19.5417
-22.1333	-29.8975	-21.0911
-23.2858	-31.7198	-17.962
-25.5787	-33.9008	-15.8583
-23.2338	-36.1126	-13.846
-22.4068	-34.6013	-10.459
-21.1376	-35.0081	-6.9004
-17.4143	-35.7569	-7.02771
-16.2636	-37.2733	-3.73887
-15.67	-35.0636	-0.704943
-16.0919	-35.6626	3.02377
-15.0467	-34.1527	6.3506
-18.431	-33.532	7.96348
-20.4608	-32.6438	4.87627
-20.8717	-36.2237	3.66994
-21.5601	-38.3736	6.72675
-21.557	-36.6778	10.1274
-25.3341	-36.8183	9.73554
-24.3751	-37.6842	13.3091
-21.3988	-40.0146	13.6982
-19.0268	-42.52	15.2908
-16.4411	-44.1331	13.0211
-19.8592	-45.6913	12.4477
-23.4694	-44.7839	13.2115
-27.0855	-44.8818	12.048
-28.6403	-45.197	8.59498
-30.4916	-42.2699	10.1586
-31.3172	-42.9244	13.8097
-34.4411	-44.6485	15.1167
-36.8813	-46.4072	12.7945
-35.7689	-49.9721	13.4976
-32.1423	-50.9588	14.0577
-32.6703	-53.6207	16.7177
-31.5638	-57.0137	15.4124
-28.492	-54.8074	15.0424
-25.6676	-52.3016	15.4703
-26.3442	-48.6686	14.5852
-29.342	-47.6637	16.6931
-32.2676	-45.8325	18.2831
-30.6284	-48.3834	20.5735
-33.8278	-48.1835	22.614
-32.11	-48.6694	25.9686
-31.1195	-46.3788	28.8343
-28.9986	-47.0565	31.9136
-29.0578	-43.3572	32.7806
-28.1903	-39.7288	33.5028
-26.7171	-37.6361	36.3117
-27.6664	-38.2425	39.9409
-26.3756	-39.5161	43.2804
-23.3012	-41.574	44.1481
-22.4884	-40.9749	47.8116
-24.7436	-40.1654	50.7609
-26.008	-38.5176	53.9431
-26.3115	-35.9521	51.1562
-24.4301	-33.3193	49.1641
-20.8064	-34.2178	48.4556
-17.661	-32.3366	47.4518
-20.5275	-30.3399	48.9473
-23.2808	-28.939	51.1603
-24.997	-28.9765	54.5504
-28.4418	-30.5808	54.5669
-30.5877	-27.4587	54.8625
-29.2994	-28.5955	58.2519
-29.5343	-32.1329	59.6199
-30.8184	-35.6489	60.2748
-30.295	-37.4245	63.5934
-31.065	-39.2996	66.8076
-27.4091	-40.1984	67.3236
-27.9891	-42.3706	70.3871
-25.8035	-40.5728	72.9231
-29.1664	-40.908	74.6604
-29.0947	-44.6889	75.0338
-30.1093	-48.0232	73.5196
-28.1907	-50.8655	75.1569
-29.2107	-47.9641	77.3888
-31.3636	-50.05	79.7242
-34.0832	-51.9262	81.6014
-35.9284	-55.2224	81.1894
-38.1866	-58.2756	81.0533
-40.753	-60.7023	82.4549
-44.2551	-62.0563	81.8701
-42.3321	-62.0651	78.5926
-41.9257	-60.7757	75.0412
-42.5679	-58.471	72.0889
-46.0275	-57.7457	70.6941
-48.0866	-54.6967	69.7434
-48.9966	-51.1139	68.8628
-50.9903	-49.9195	71.8692
-53.7687	-48.7032	69.5798
-56.0436	-46.7103	67.2791
-57.1061	-44.7836	64.1809
-57.2223	-41.7377	61.9118
-56.6024	-38.3266	63.4676
-57.2944	-36.1591	66.5111
-57.8512	-32.4034	66.3541
-57.5544	-30.8198	69.7956
-56.3453	-28.309	72.379
-54.0461	-25.8882	74.1938
-55.6043	-26.3564	77.6278
-56.4763	-29.5765	79.4475
-55.7114	-33.2327	80.1455
-57.774	-34.3818	77.1679
-59.1773	-31.654	74.9252
-60.9277	-31.5218	71.5549
-63.1342	-28.5258	70.7833
-65.4487	-30.0499	73.3834
-67.7222	-31.7891	75.8827
-68.4769	-29.0528	78.4091
-69.2405	-25.5645	77.1095
-70.5041	-25.5353	80.6932
-73.9101	-24.0775	81.5383
-76.4464	-26.81	82.2736
-80.0843	-26.4927	83.3248
-82.2378	-28.2837	85.8928
-85.5925	-29.815	86.8099
-85.2402	-33.3116	85.3645
-88.781	-33.6476	84.0268
-88.5024	-33.025	80.2886
-91.0286	-34.6942	77.9925
-91.9036	-38.159	79.2844
-90.1818	-40.9035	81.2701
-89.5224	-43.4702	83.9936
-91.3684	-44.6065	87.1146
-89.2761	-47.3934	85.5996
-93.0338	-47.5344	85.052
-93.92	-46.8827	81.4147
-93.6632	-45.9169	77.7485
-90.9247	-45.4698	75.1521
-89.9977	-48.8012	73.5766
-92.1856	-49.8173	70.6404
-93.9175	-51.9081	73.2992
-92.2406	-55.3163	73.189
-93.959	-58.2003	74.9695
-96.6407	-60.5144	76.3453
-99.0602	-62.1976	78.7438
-101.622	-64.5395	77.1965
-104.77	-64.1302	75.1084
-108.376	-63.471	74.1051
-109.784	-60.9309	71.6544
-113.384	-60.1738	72.6047
-112.289	-57.1963	74.6963
-115.146	-58.4593	76.8601
-117.777	-59.06	79.5355
-117.127	-57.8336	83.073
-120.802	-57.0568	82.4959
-122.607	-54.1714	80.8065
-125.932	-55.8612	81.5341
-128.557	-53.2138	80.7962
-128.239	-54.676	77.3032
-130.122	-54.3518	74.0189
-133.014	-52.7058	72.1834
-136.561	-53.8489	71.4429
-136.834	-54.5209	67.7128
-140.209	-56.2666	67.7482
-143.439	-58.2561	67.9679
-142.919	-62.0165	68.1382
-139.44	-61.3132	69.4958
-136.716	-59.8009	71.6707
-135.692	-63.4558	71.487
-136.961	-64.0193	67.9497
-134.428	-65.9435	65.8704
-134.29	-62.2044	65.2069
-135.394	-59.6226	62.6465
-135.173	-55.8296	62.7119
-133.868	-53.0772	60.4397
-132.466	-52.0022	57.0756
-133.312	-50.0291	53.9403
-133.149	-53.5989	52.6481
-131.194	-55.7497	50.2005
-134.133	-57.8246	51.4252
-131.765	-60.6724	50.5737
-132.595	-60.8981	46.8723
-135.596	-63.2107	46.5793
-139.358	-63.184	47.1146
-140.502	-64.959	43.9555
-140.181	-68.0892	41.8251
-142.887	-67.7534	39.179
-144.499	-71.112	39.9297
-143.124	-70.2523	43.3663
-141.882	-69.057	46.7528
-140.038	-68.3807	50.0061
-141.651	-71.4215	51.6162
-141.139	-72.7128	55.1532
-141.446	-69.1125	56.3293
-143.894	-67.2264	58.5399
-147.669	-67.6582	58.6185
-150.131	-67.9432	55.7385
-150.718	-65.2411	53.1318
-151.027	-62.2316	50.8324
-152.273	-62.7903	47.2859
-153.708	-61.719	43.9346
-157.212	-62.3932	45.2425
-160.053	-60.059	44.2831
-161.612	-56.6316	44.7949
-164.759	-55.713	46.716
-162.831	-56.9013	49.7671
-161.762	-60.0738	47.9692
-162.515	-61.2242	51.5118
-160.554	-60.3631	54.6506
-162.558	-58.0569	56.9094
-159.024	-59.0135	57.9261
-158.021	-62.6687	58.199
-159.087	-64.5036	61.3513
-158.761	-65.7999	64.9084
-161.109	-63.6007	66.9311
-160.798	-65.4277	70.2485
-157.501	-66.9192	71.4089
-155.81	-69.2537	73.8847
-158.176	-68.5117	76.7643
-160.016	-65.9293	78.8588
-163.78	-65.4993	78.5646
-162.777	-62.1832	80.1258
-160.406	-60.3808	82.4859
-159.819	-57.8608	79.7028
-162.653	-56.4789	81.8246
-165.362	-54.3805	80.1832
-165.93	-55.5243	76.6041
-168.898	-53.1598	76.8
-172.266	-52.2209	78.2889
-170.763	-49.0601	79.7685
-174.512	-48.625	79.3233
-174.72	-45.6586	81.6892
-174.5	-41.8751	81.4123
-178.064	-40.9922	80.4333
-176.966	-41.8926	76.9087
-179.71	-39.7335	75.4089
-179.451	-36.3213	77.061
-176.752	-33.768	77.8581
-173.125	-34.8435	77.4965
-170.043	-32.698	78.0773
-166.412	-33.3326	77.154
-166.063	-30.6854	74.4502
-162.904	-32.7942	74.5631
-161.887	-36.2268	75.8369
-165.3	-37.333	77.0872
-166.371	-35.9694	80.4687
-169.742	-37.6103	79.8509
-171.041	-38.2494	83.3645
-171.518	-36.6799	86.7921


0	0	0
0	0	3.8
-0.853835	1.81753	7.02607
-2.44517	3.66798	9.93872
-1.73056	5.72315	13.0541
-4.15217	6.34896	15.9149
-5.21028	3.26893	17.8729
-6.15905	3.21607	21.5522
-6.48926	2.69411	25.3017
-3.16996	0.853429	25.1168
-2.49948	-2.73228	24.0524
-1.02231	-2.12295	20.6046
2.72646	-2.7448	20.604
6.50808	-3.07446	20.4288
4.94163	-5.58785	22.8098
2.55575	-4.44202	25.5365
6.12158	-4.3215	26.8442
8.62772	-2.42137	24.7114
10.2935	0.404859	22.7938
12.1261	-1.46856	20.042
15.6593	-1.55659	18.6462
19.1318	-2.71171	17.6227
18.3042	-5.16011	14.837
21.2849	-5.59433	12.5203
20.8475	-2.17417	10.9231
22.4763	1.14296	10.0377
23.2475	3.57879	7.22487
26.4486	5.6257	7.28448
30.0594	6.6656	6.71873
32.8569	9.10363	7.53759
33.8296	12.6986	6.78282
34.9886	12.0708	10.3469
37.5564	13.0231	12.9812
39.3444	12.3926	16.2744
37.6853	13.9135	19.3361
40.3336	15.5605	21.5073
40.8428	17.63	24.6534
43.7936	18.9747	26.6344
44.8024	15.3541	27.1941
46.687	12.6342	25.3257
43.95	10.0485	25.8383
41.3942	7.48927	27.004
42.266	6.52315	23.4337
42.4157	2.93271	22.1983
44.8661	1.4615	24.7025
47.5287	3.89762	23.5127
49.6794	4.40521	26.6041
52.0273	4.42417	29.5919
55.1519	5.05165	31.6615
56.4961	2.88329	34.4778
58.4908	0.43975	32.3587
61.96	1.98967	32.31
65.1472	3.50568	30.9016
67.6754	4.40075	28.2096
71.1607	4.57157	29.7143
72.263	1.15314	30.9549
72.6594	-2.32285	32.4383
74.3708	-1.59324	35.7517
77.5396	0.134539	34.5625
77.1659	0.0493752	38.3432
80.8645	-0.0192249	37.4737
80.5619	-2.95297	35.0775
83.5382	-0.781147	34.1478
81.8193	-1.7001	30.8858
84.6476	-1.00358	28.4454
82.1994	-3.67266	27.2956
85.2911	-4.77211	25.3793
88.8385	-5.06422	26.7099
89.1189	-8.55229	28.1913
88.5296	-11.584	25.9774
87.8067	-13.9694	28.8457
87.1494	-11.7456	31.8561
90.086	-9.385	32.3495
90.2409	-11.5901	35.4404
89.6663	-14.6699	33.2898
91.9296	-15.2099	36.2941
90.9776	-15.4247	39.9666
91.0243	-11.8855	41.3494
90.9495	-9.50656	44.3117
94.5706	-8.38181	44.5624
92.4426	-6.49622	47.0836
90.5848	-4.25003	49.5214
90.2539	-0.596502	50.5125
92.3636	-2.42104	53.0933
95.0358	-4.15644	51.0227
96.1957	-4.6238	54.611
97.2236	-2.14981	57.306
99.5678	0.683699	56.3488
102.275	3.16331	57.3301
105.948	3.56305	56.4407
105.006	1.47458	59.4725
106.837	-0.897301	57.1359
108.324	-1.5415	60.5734
107.23	0.194561	63.7717
110.051	1.63753	65.8691
107.025	2.17009	68.105
105.738	5.23592	69.9449
103.359	6.98922	72.3333
99.6362	6.27043	72.5864
100.071	2.89531	70.8954
100.733	1.82844	67.3089
99.649	0.244785	64.0292
98.1973	-1.48086	60.9707
98.7517	-5.23098	60.7077
98.8936	-6.80599	57.2524
98.7993	-9.01444	54.1614
96.8459	-10.9046	51.506
94.9098	-13.8576	50.1019
93.2494	-10.5567	49.2147
90.7393	-10.2794	52.0542
88.6908	-11.1913	55.1221
87.8491	-14.7195	56.2547
84.6055	-13.7369	57.9733
81.2102	-15.4258	58.2173
79.0554	-17.3989	55.7875
80.2894	-16.8255	52.2395
81.2434	-19.9061	50.2296
78.7068	-21.8985	48.2206
79.1245	-18.5083	46.5556
75.3417	-18.1539	46.6258
74.3078	-14.5094	46.3277
71.4879	-12.3007	47.5964
72.5066	-12.1252	43.9397
74.378	-9.01132	42.8256
75.8947	-8.50629	39.3782
78.1425	-8.71272	36.3212
75.7229	-8.85738	33.3947
72.4126	-8.47676	31.568
70.8619	-5.29218	30.1918
70.808	-3.14197	27.0591
67.0783	-2.4148	27.0851
65.6187	-2.12536	23.5886
66.0229	-5.75833	22.5502
65.3139	-9.39897	23.3767
62.945	-10.3142	20.5499
61.6519	-13.3476	18.6615
65.2696	-14.1687	17.838
66.4206	-16.8903	20.2272
66.4781	-19.412	23.0693
64.1862	-22.4171	23.4655
62.6825	-19.1667	24.736
61.9849	-15.4504	25.1131
58.6751	-13.8448	26.0654
57.5348	-17.4603	26.3251
59.2018	-17.8713	29.7151
62.24	-20.1013	29.2291
60.2842	-22.8402	27.4646
58.2627	-24.5349	24.7294
58.7252	-21.704	22.237
61.1439	-24.6244	21.9909
60.2099	-28.3075	22.0442
59.883	-32.0716	22.4499
63.6397	-31.5274	22.6266
63.7321	-33.2041	26.0355
66.6767	-35.1732	24.66
68.9169	-38.1717	25.3161
66.4154	-40.1883	23.2873
63.8496	-41.8998	21.0675
63.452	-44.069	17.9729
64.9938	-41.7288	15.4066
68.2833	-40.6727	13.8243
71.6458	-38.9314	14.1433
70.6116	-38.0565	17.6937
72.5664	-36.4773	20.5441
75.756	-36.6168	18.4833
77.9135	-35.5569	21.4264
81.2272	-36.9707	20.2179
84.0057	-34.5403	19.3159
87.0664	-32.3915	19.99
90.2764	-30.8006	18.7231
88.4367	-27.9271	20.396
87.5085	-25.1005	18.0319
88.0764	-21.5196	16.8941
88.0349	-18.8862	14.1548
88.0873	-22.2249	12.3408
91.1882	-22.2624	10.1446
93.8494	-23.6083	7.78948
97.5725	-22.8483	7.81631
99.2365	-26.2645	7.78476
98.5425	-29.4477	5.82888
98.4177	-31.5814	2.68693
99.5185	-35.1966	3.08527
96.037	-36.6988	3.33522
96.5128	-39.3252	6.03998
97.8178	-40.6337	2.71964
101.022	-42.6396	3.10662
100.391	-45.0034	6.01432
101.48	-46.4355	2.66715
101.121	-46.5694	-1.11348
102.422	-42.9993	-1.17413
99.4568	-41.772	-3.20971
101.164	-44.6656	-4.98492
99.6142	-43.2404	-8.14818
96.9371	-42.2498	-10.6564
98.3328	-43.8002	-13.8326
97.2575	-40.1644	-14.086
99.5063	-38.9311	-16.89
102.773	-37.6048	-15.4717
100.582	-34.7587	-16.7125
98.9546	-33.6158	-19.9507
96.4929	-32.851	-22.7427
96.1637	-30.1129	-20.1284
98.777	-27.8693	-18.5232
101.974	-28.6918	-20.4047
103.778	-25.8821	-22.2189
102.454	-22.3529	-21.7379
103.304	-18.663	-21.417
106.346	-16.4675	-20.811
108.954	-14.7997	-18.6072
106.894	-12.0976	-20.3086
108.8	-9.3827	-22.1626
107	-7.6697	-25.038
104.841	-6.10032	-22.3331
102.256	-6.53928	-19.5835
99.2273	-8.68027	-18.7552
98.4265	-5.41859	-20.5329
99.6947	-2.15809	-19.0494
99.885	1.13403	-20.9377
99.7951	3.8971	-18.3305
102.304	6.74945	-18.4243
99.3386	8.08919	-16.4619
102.128	10.3755	-15.2651
104.885	12.3086	-13.504
107.218	13.3463	-16.3188
110.807	12.1383	-16.0094
112.9	9.85175	-13.8115
113.945	9.57823	-17.4549
114.937	6.92515	-19.988
116.922	3.72181	-19.5002
120.433	2.67361	-18.4924
122.585	5.0881	-20.4871
122.606	6.0945	-24.1513
121.22	7.83767	-27.2301
118.065	9.57381	-26.0162
117.248	12.9014	-27.6593
117.804	14.5088	-31.0574
120.556	14.8525	-33.6551
121.807	11.5163	-34.9754
125.256	13.1005	-35.1751
128.177	15.3917	-34.3654
129.552	18.1546	-32.1485
131.443	21.3972	-32.7407
135.168	21.7881	-32.0988
138.505	21.4711	-33.8894
139.278	19.7828	-37.2048
141.971	19.5506	-34.5337
144.969	21.7401	-33.7242
147.78	22.6834	-31.3473
149.852	24.8244	-28.9885
152.093	21.8738	-28.1467
153.705	24.0746	-30.7923
157.473	23.5848	-30.8018
160.73	23.2058	-32.7225
163.573	25.1778	-34.2949
161.628	27.7121	-32.2365
158.679	30.0245	-31.6077
157.827	31.647	-28.2787
161.117	33.05	-29.5621
159.514	33.7329	-32.9388
158.06	36.75	-31.143
161.455	38.317	-30.4656
164.771	39.307	-28.8962
164.683	43.048	-28.235
168.309	44.1272	-27.8729
171.861	43.5475	-26.6532
175.394	43.4502	-25.2587
177.361	46.7013	-25.2321
181.121	46.1802	-25.4087
182.785	42.9234	-24.3763
181.838	41.7158	-27.8528
180.029	39.3891	-25.4546
181.648	36.6284	-23.4061
178.264	37.498	-21.9118
179.975	34.8047	-19.848
177.769	31.7753	-19.2164
175.33	30.2067	-16.7606
175.386	26.9927	-18.7873
177.321	24.4549	-20.8495
178.188	20.9561	-19.6465
175.833	18.7729	-17.6151
176.221	15.6343	-15.5082
179.207	17.6778	-14.3474
178.889	17.2172	-10.5887
177.093	15.2473	-7.88052
173.571	13.838	-8.10374
171.432	14.6044	-5.058
169.783	13.9414	-1.69945
166.882	11.68	-0.7451
164.316	11.5235	2.05377
162.791	11.6458	5.5321
162.539	14.6854	3.26552
164.651	16.1641	0.474207
165.125	15.4746	-3.23264
166.944	14.1462	-6.29293
164.297	11.9994	-7.97369
161.587	11.331	-5.39511
158.174	12.936	-4.93055
158.158	10.8761	-1.73736
155.123	8.61947	-1.36496
151.586	7.25369	-1.61056
152.403	3.89942	-0.0228227
150.248	5.21211	2.81829


