24.313	-10.122	28.789
25.837	-12.018	25.865
29.229	-13.533	25.768
31.847	-12.394	23.213
31.073	-15.565	21.130
27.352	-14.782	21.176
27.873	-11.172	20.069
30.061	-12.465	17.249
27.234	-14.755	16.078
24.731	-11.862	16.322
26.865	-9.604	14.171
27.635	-12.384	11.708
23.918	-12.950	11.237
23.436	-9.172	10.944
25.773	-9.270	7.937
22.995	-11.215	6.151
20.541	-8.474	6.873
22.983	-5.708	5.698
23.264	-7.324	2.229
19.669	-6.279	1.720
18.489	-4.027	4.546
15.433	-2.551	2.854
14.251	-6.007	1.799
14.735	-7.522	5.251
13.109	-4.474	6.832
10.051	-4.697	4.434
9.575	-8.390	5.119
9.930	-7.990	8.898
7.370	-5.218	8.914
4.998	-7.053	6.659
5.260	-10.088	8.982
4.475	-7.740	11.910
1.504	-6.118	10.246
-0.049	-9.220	8.861
0.444	-11.311	12.037
-0.684	-8.463	14.313
-2.956	-6.010	12.509
-3.273	-3.777	15.607
0.361	-2.775	14.999
-0.454	-1.228	11.613
-2.974	1.164	13.192
-0.080	2.794	15.020
1.416	3.933	11.649
-0.612	6.830	10.208
1.385	6.569	7.094
0.860	2.751	6.564
-2.743	2.519	7.741
-3.942	2.952	4.097
-2.245	-0.442	3.222
-5.134	-2.848	2.984
-3.553	-5.971	1.455
-0.192	-7.622	1.573
0.204	-6.781	-2.142
-0.172	-3.100	-1.339
2.422	-3.579	1.477
4.895	-5.267	-0.825
4.401	-2.533	-3.460
4.987	0.368	-0.997
8.334	2.016	-1.543
7.770	4.073	1.538
7.408	0.843	3.596
10.810	-0.326	2.322
12.254	3.094	3.187
10.871	2.761	6.768
12.322	-0.761	6.889
15.693	0.753	6.085
15.362	3.355	8.856
14.254	0.930	11.556
16.863	-1.759	10.781
19.574	0.806	10.458
18.716	1.952	14.016
18.606	-1.624	15.255
21.860	-2.537	13.550
23.728	0.392	15.079
22.413	-0.629	18.492
23.489	-4.221	18.015
26.980	-3.160	17.045
27.293	-1.543	20.487
27.140	-5.089	21.961
24.907	-3.966	24.867
26.679	-0.555	25.466
23.767	1.201	23.917
22.241	3.508	26.495
22.758	6.744	24.469
21.131	5.124	21.402
18.443	3.165	23.116
17.094	5.676	25.632
15.804	8.157	22.962
14.431	5.349	20.903
12.441	4.078	23.868
11.265	7.516	24.830
10.137	8.329	21.297
8.207	5.108	21.057
6.473	5.520	24.429
5.652	9.201	24.279
5.088	9.918	20.540
4.347	6.573	18.861
2.525	4.910	21.751
4.028	1.427	21.059
3.306	-1.170	23.760
6.290	-3.330	24.667
4.407	-6.388	23.374
4.983	-5.022	19.828
8.711	-5.376	20.394
8.158	-9.032	21.335
6.115	-9.373	18.104
8.816	-7.853	15.896
11.508	-9.970	17.626
9.550	-13.122	16.657
9.148	-11.667	13.137
12.947	-11.143	12.774
13.643	-14.736	13.700
10.989	-15.933	11.265
12.211	-13.760	8.405
15.817	-14.827	8.936
14.853	-18.510	8.560
12.632	-17.746	5.570
15.360	-15.819	3.730
18.282	-17.968	4.897
16.956	-21.496	5.289
19.507	-23.853	6.677
21.947	-20.996	7.150
20.636	-19.714	10.541
21.668	-22.491	12.866
20.676	-23.242	16.415
23.639	-21.367	17.943
23.039	-18.323	15.824
19.312	-18.239	16.605
20.103	-18.521	20.327
22.512	-15.562	20.144
20.218	-13.395	18.101
17.323	-14.167	20.478
19.483	-13.000	23.415
20.366	-9.732	21.626
16.702	-9.006	20.837
15.638	-9.848	24.384
18.345	-7.476	25.746
17.087	-4.684	23.380
13.467	-5.077	24.415
14.281	-5.498	28.077
16.267	-2.253	28.109
13.480	-0.532	26.324
10.986	-2.034	28.944
13.094	-0.433	31.740
12.770	2.974	30.080
9.001	2.478	29.647
8.760	1.683	33.357
10.522	4.940	34.183
7.788	6.741	32.161
4.970	4.627	33.561
4.122	3.728	29.967
1.900	0.746	29.269
0.260	1.525	25.897
