-15.306	-1.163	-1.510
-14.615	2.566	-1.340
-16.813	2.790	1.756
-14.555	0.339	3.589
-11.433	2.444	3.041
-13.402	5.677	3.416
-14.760	4.626	6.810
-11.310	3.720	8.130
-9.512	6.615	6.440
-12.190	9.015	7.678
-11.237	8.189	11.266
-7.513	8.196	10.489
-7.773	11.607	8.826
-9.648	13.097	11.782
-7.273	11.338	14.176
-6.351	13.596	17.078
-2.739	12.876	16.155
-2.901	12.582	12.367
-5.285	15.503	11.860
-2.862	17.611	13.898
-0.150	17.164	11.270
-2.568	17.624	8.371
-3.852	20.859	9.907
-0.396	21.914	11.098
0.911	22.020	7.527
-1.478	24.923	6.957
-1.412	24.341	3.199
-3.575	22.123	0.993
-0.588	21.785	-1.336
1.580	20.209	1.363
-1.410	18.210	2.603
-1.301	16.196	-0.622
2.152	14.917	0.326
0.778	13.336	3.501
-2.256	11.781	1.817
-0.013	10.418	-0.936
2.457	9.090	1.633
-0.145	7.050	3.513
-1.685	5.821	0.262
1.693	4.522	-0.904
1.856	2.189	2.096
-1.565	0.716	1.325
-0.847	0.333	-2.378
2.617	-1.068	-1.698
1.049	-4.030	0.101
-0.924	-4.770	-3.064
2.032	-4.207	-5.371
0.756	-2.739	-8.631
3.007	-1.297	-11.337
5.457	1.459	-10.402
4.472	3.654	-13.348
0.766	2.920	-12.915
0.958	3.553	-9.169
2.128	7.101	-9.890
-0.963	7.859	-11.974
-3.220	6.047	-9.506
-1.896	7.961	-6.498
-2.267	11.142	-8.529
-6.038	10.729	-8.418
-6.339	11.977	-4.838
-3.614	14.574	-5.388
-5.891	16.301	-7.880
-9.101	15.624	-5.968
-7.831	17.237	-2.767
-6.850	20.358	-4.705
-10.571	20.959	-5.211
-11.336	20.447	-1.521
-8.264	22.116	-0.052
-10.163	25.008	1.511
-12.142	22.570	3.656
-9.859	19.735	4.755
-11.055	19.816	8.366
-13.716	17.354	7.221
-12.186	13.890	7.573
-15.074	12.420	5.580
-14.554	14.870	2.717
-10.754	14.746	2.810
-10.620	10.968	3.227
-13.342	10.644	0.589
-10.841	11.553	-2.128
-7.980	9.512	-0.676
-10.157	6.422	-0.257
-11.780	7.027	-3.645
-8.374	7.225	-5.323
-6.888	4.044	-3.862
-10.270	2.337	-3.714
-10.559	2.724	-7.480
-7.453	0.660	-8.224
-8.112	-1.678	-5.297
-11.678	-2.358	-6.434
-10.450	-3.171	-9.942
-8.434	-5.998	-8.388
-11.634	-7.476	-6.991
-11.706	-8.054	-3.240
-9.343	-6.198	-0.909
-6.628	-8.450	0.511
-6.458	-12.201	-0.097
-9.962	-12.572	1.339
-10.662	-10.169	4.202
-11.356	-6.443	4.501
-9.749	-6.225	7.941
-6.128	-7.369	7.713
-5.350	-5.036	4.813
-6.944	-2.044	6.538
-5.433	-2.954	9.908
-1.952	-3.231	8.400
-2.299	-0.219	6.104
-3.709	1.926	8.909
-1.125	0.547	11.335
1.720	1.798	9.141
0.483	5.385	9.426
-0.274	5.084	13.141
3.340	4.198	13.928
4.757	6.509	11.262
3.707	9.612	13.197
3.839	8.930	16.936
6.333	6.066	17.146
8.938	7.861	15.038
7.477	11.344	15.366
5.459	13.847	13.304
8.414	15.620	11.695
9.503	12.179	10.495
6.594	12.341	8.050
8.084	15.294	6.171
11.118	13.116	5.453
