-24.664	19.407	-2.787
-22.263	16.819	-4.194
-20.266	19.653	-5.785
-18.650	20.842	-2.590
-17.717	17.250	-1.707
-16.164	16.838	-5.153
-14.098	20.006	-4.760
-12.971	18.847	-1.311
-11.849	15.651	-3.058
-9.872	17.740	-5.545
-8.164	19.435	-2.609
-7.204	16.045	-1.172
-5.809	15.002	-4.538
-3.570	17.995	-4.597
-1.033	16.350	-2.277
-1.463	12.631	-3.023
0.944	10.016	-4.420
-0.765	7.185	-6.338
2.640	5.472	-6.689
2.176	4.737	-2.965
-1.337	3.541	-3.579
-2.108	-0.098	-4.334
-3.525	-0.814	-7.794
-6.818	-2.195	-6.428
-7.521	1.019	-4.537
-6.775	3.183	-7.612
-9.227	0.975	-9.543
-11.827	1.626	-6.862
-11.241	5.398	-6.949
-11.455	5.611	-10.720
-14.643	3.503	-10.523
-16.117	6.071	-8.125
-15.216	8.916	-10.502
-16.851	6.981	-13.332
-20.046	6.807	-11.360
-19.936	10.475	-10.452
-19.882	11.334	-14.168
-23.409	9.883	-14.330
-24.730	12.794	-12.287
-27.647	14.721	-13.803
-26.064	17.908	-12.521
-23.398	19.068	-14.985
-21.526	20.960	-12.249
-20.903	17.679	-10.443
-19.756	16.202	-13.745
-17.455	19.202	-14.259
-15.931	18.926	-10.794
-15.444	15.179	-11.172
-13.688	15.748	-14.519
-11.389	18.163	-12.722
-10.636	15.484	-10.131
-9.982	12.956	-12.920
-7.687	15.389	-14.734
-5.718	15.998	-11.560
-5.511	12.249	-10.906
-4.196	11.701	-14.425
-1.637	14.386	-13.727
-0.485	12.802	-10.473
-0.353	9.388	-12.086
2.174	10.067	-14.782
3.279	6.821	-16.400
0.956	4.923	-14.177
-1.787	6.246	-16.404
-0.753	3.687	-18.923
-2.153	1.154	-16.517
-5.466	2.897	-16.572
-5.815	3.999	-20.193
-9.004	2.028	-20.854
-11.027	3.172	-17.815
-9.908	6.810	-18.149
-10.882	6.814	-21.837
-14.309	5.228	-21.131
-14.866	7.857	-18.441
-13.903	10.604	-20.861
-16.053	9.321	-23.713
-19.117	9.298	-21.428
-19.070	13.118	-21.042
-18.532	13.821	-24.757
-22.328	13.817	-25.177
-22.451	16.852	-22.925
-22.474	19.943	-25.093
-21.003	22.336	-22.525
-17.844	24.340	-22.905
-16.670	23.864	-19.273
-17.006	20.108	-19.742
-15.169	20.170	-23.088
-12.368	22.205	-21.430
-11.811	19.451	-18.918
-12.045	16.467	-21.238
-9.752	18.100	-23.814
-7.216	18.566	-21.007
-7.550	14.887	-20.164
-7.179	13.574	-23.736
-4.124	15.777	-24.422
-2.464	14.555	-21.236
-3.212	10.951	-22.275
-1.666	11.532	-25.695
1.368	13.106	-24.094
1.870	10.079	-21.836
1.170	7.052	-24.070
1.437	8.607	-27.522
-1.336	9.971	-29.790
-1.813	6.938	-32.046
-2.710	4.543	-29.184
-5.191	7.071	-27.694
-6.749	7.637	-31.112
-7.239	3.944	-31.998
-8.937	3.234	-28.700
-10.984	6.399	-29.107
-11.945	5.748	-32.718
-13.753	2.572	-31.798
-16.403	5.020	-30.546
-17.314	6.052	-34.049
-19.966	3.346	-33.683
-21.455	5.181	-30.684
-25.165	5.935	-30.934
-24.834	9.574	-29.758
-23.797	11.746	-32.716
-22.029	14.315	-30.472
-19.747	11.496	-29.284
-18.885	10.726	-32.913
-18.401	14.420	-33.713
-16.036	14.934	-30.761
-14.102	11.748	-31.558
-13.359	13.273	-34.932
-12.460	16.660	-33.396
-10.093	15.043	-30.888
-8.433	13.304	-33.836
-8.018	16.732	-35.520
-6.571	18.142	-32.337
-4.136	15.215	-32.137
-2.950	15.612	-35.734
-2.380	19.333	-35.180
-0.445	18.742	-31.935
1.898	15.906	-33.001
4.213	15.411	-36.016
3.154	13.202	-38.966
5.465	10.333	-38.073
3.747	9.754	-34.714
0.753	8.520	-36.727
-0.131	5.646	-39.003
-1.885	7.962	-41.424
-3.365	5.332	-43.814
-4.840	3.486	-40.866
-6.122	6.756	-39.472
-7.821	7.810	-42.699
-9.473	4.397	-43.097
-10.710	4.586	-39.522
-12.040	8.126	-40.103
-13.576	7.636	-43.549
-16.906	6.331	-42.152
-17.494	9.725	-40.560
-17.467	11.172	-44.092
-20.784	9.392	-44.702
-22.330	9.849	-41.261
-26.074	10.623	-41.148
-25.313	13.790	-39.197
-24.018	16.879	-40.979
-21.704	17.962	-38.118
-19.898	14.654	-38.096
-19.379	14.906	-41.855
-18.108	18.494	-41.535
-15.709	17.360	-38.800
-14.503	14.473	-40.966
-13.826	16.727	-43.963
-11.682	18.991	-41.754
-9.891	15.913	-40.494
-9.265	14.823	-44.078
-7.797	18.263	-44.898
-5.357	17.803	-42.020
-4.517	14.254	-43.142
-3.819	15.517	-46.683
-1.550	18.200	-45.253
0.272	15.715	-43.021
0.833	13.090	-45.706
2.187	15.708	-48.096
0.613	16.085	-51.556
2.608	13.178	-53.004
0.385	10.777	-51.017
-3.303	11.856	-51.275
-3.872	8.703	-53.198
-4.471	6.784	-49.978
-7.120	9.324	-48.945
-9.017	8.637	-52.122
-8.770	4.917	-51.445
-10.148	5.600	-47.968
-13.068	7.458	-49.571
-13.515	4.463	-51.879
-14.070	2.167	-48.891
-17.187	4.125	-47.866
-18.831	5.304	-51.096
-17.771	4.255	-54.645