-1.457693405330481e+00	3.647065637013765e+00
-1.488165068330055e+00	1.920607300151933e+00
-1.481755756850676e+00	-6.891657028207819e+00
-1.501835052938714e+00	-1.173650510937504e+00
-1.497867727137843e+00	3.286101999216617e+00
-1.520876613502803e+00	1.679179212572795e+00
-1.503743857095969e+00	-1.924814243774167e+01
-1.496635211367640e+00	-8.107642001685527e+00
-1.447613627771877e+00	1.187193724219541e+01


0	0	0
0	0	3.8
3.30355	1.82828	4.22888
1.72535	5.02103	5.55387
-1.3893	4.78156	3.39016
0.502187	5.35303	0.144282
-2.64653	5.65687	-1.96124
-2.63076	9.45248	-1.77932
-0.551053	9.54637	1.39968
-3.49578	10.4202	3.63687
-5.18442	12.8539	1.25664


1.457693405330481e+00	-2.636119670165822e+00
-1.488165068330055e+00	1.920607300151933e+00
1.481755756850676e+00	-6.084717210282320e-01
1.501835052938714e+00	-1.173650510937504e+00
1.497867727137843e+00	-2.997083307962972e+00
-1.520876613502803e+00	1.679179212572795e+00
1.503743857095969e+00	-3.985865162029103e-01
1.496635211367640e+00	-1.824456694505940e+00
1.447613627771877e+00	-6.944333721637633e-01


0	0	0
0	0	3.8
-3.30355	-1.82828	4.22888
-5.42709	1.06266	2.97467
-8.02299	-1.1351	1.28023
-5.60799	-2.39899	-1.36748
-8.3041	-4.16373	-3.3816
-8.16429	-7.27331	-1.20192
-11.6751	-8.39269	-2.12979
-13.197	-7.3214	1.18323
-10.3306	-8.4591	3.40341


old: 57.9671
1.447613627771877e+00	-1.476239073776689e+00
1.496635211367640e+00	-1.589390991750661e+00
1.503743857095969e+00	-1.509007051730119e+00
-1.520876613502803e+00	1.576193966757655e+00
1.497867727137843e+00	-1.642963439091779e+00
1.501835052938714e+00	-1.544140921912404e+00
1.481755756850676e+00	-1.497768137056797e+00
-1.488165068330055e+00	1.599087288737711e+00
1.457693405330481e+00	-1.669705567247181e+00


-10.3306	-8.4591	3.40341
-13.197	-7.3214	1.18323
-11.6751	-8.39269	-2.12979
-8.16429	-7.27331	-1.20192
-8.3041	-4.16373	-3.3816
-5.60799	-2.39899	-1.36748
-8.02299	-1.1351	1.28023
-5.42709	1.06266	2.97467
-3.30355	-1.82828	4.22888
0	0	3.8
0	0	0


new: 57.9669
-10.3306	-8.4591	3.40341
-13.197	-7.3214	1.18323
-15.458	-5.95757	3.91596
-17.3772	-4.73463	6.95918
-18.6977	-8.2867	7.24041
-21.6744	-7.56318	4.99197
-19.767	-8.24969	1.77786
-18.5344	-4.67149	1.43549
-21.6328	-3.41833	-0.372709
-20.3413	-4.27883	-3.84134
-21.4211	-7.92204	-3.80946


