		logT: 2
1.107881e+02
2.733544e+01
1.872618e+01
3.258682e+01
2.688688e+01
2.131677e+01
3.707577e+01
3.074993e+01
2.956114e+01
3.079554e+01
3.330528e+01
2.611938e+01
3.045111e+01
2.975434e+01
2.519236e+01
3.084272e+01
2.067437e+01
2.305141e+01
3.018211e+01
2.020698e+01
		logT: 1
3.272530e+01
1.333474e+01
1.233899e+01
1.207269e+01
1.197248e+01
1.215269e+01
1.250050e+01
1.196546e+01
1.208964e+01
1.241829e+01
1.224895e+01
1.207167e+01
1.162477e+01
1.146887e+01
1.147550e+01
1.173184e+01
1.171161e+01
1.181965e+01
1.179958e+01
1.179224e+01
		logT: 0
1.173730e+01
1.175924e+01
1.175165e+01
1.175505e+01
1.176429e+01
1.173165e+01
1.174251e+01
1.173316e+01
1.173419e+01
1.172388e+01
1.171374e+01
1.172820e+01
1.170611e+01
1.166375e+01
1.168593e+01
1.167852e+01
1.168923e+01
1.169445e+01
1.170545e+01
1.169202e+01
		logT: -1
1.170780e+01
1.169505e+01
1.167432e+01
1.169323e+01
1.168542e+01
1.168108e+01
1.168109e+01
1.168070e+01
1.168029e+01
1.168223e+01
1.167918e+01
1.167839e+01
1.168169e+01
1.168223e+01
1.168231e+01
1.168251e+01
1.167891e+01
1.167891e+01
1.167563e+01
1.166429e+01
