Comments goes in the feirst line
37
7	5
6.189426075519511e-11
9.516046528553869e-01
4.136319099517148e+00
3.423663210692780e-09
1.490227050728567e-11
-3.772042212590858e-08
1.336089390996845e+00
1.699943027470372e+00
13	11
4.005252290694074e-10
7.406541034158991e+00
5.676235458011636e+00
1.004368124135722e-09
2.630523662175398e-11
-5.296010509911181e-08
1.506934746651588e+00
1.658549855482838e+00
17	9
1.056088445060134e-09
1.023513396667543e+00
7.185689106800554e+00
4.764530936932899e-08
2.668332742675114e-12
-1.820158585023095e-07
1.507709081324241e+00
1.503293705588729e+00

